.	Basic Statistics	Per Base Sequence Quality	Per Tile Sequence Quality	Per Sequence Quality Scores	Per Base Sequence Content	Per Sequence GC Content	Per Base N Content	Sequence Length Distribution	Sequence Duplication Levels	Overrepresented Sequences	Adapter Content
SRR32802187_1	1	1	1	1	0.25	0.25	1	0.5	0.25	0.25	1
SRR32802187_2	1	1	1	1	0.25	0.5	1	0.5	0.25	0.25	1
SRR32802188_1	1	1	1	1	0.25	0.5	1	1	0.25	0.25	1
SRR32802188_2	1	1	1	1	0.25	0.5	1	1	0.25	0.25	1
SRR32802189_1	1	1	1	1	0.25	0.25	1	1	0.25	0.25	1
SRR32802189_2	1	1	1	1	0.25	0.5	1	1	0.25	0.25	1
SRR32802190_1	1	1	1	1	0.25	0.25	1	1	0.25	0.25	1
SRR32802190_2	1	1	1	1	0.25	0.5	1	1	0.25	0.25	1
SRR32802191_1	1	1	1	1	0.25	0.25	1	0.5	0.25	0.25	1
SRR32802191_2	1	1	1	1	0.25	0.25	1	0.5	0.25	0.25	1
SRR32802192_1	1	1	1	1	0.25	0.5	1	0.5	0.25	0.25	1
SRR32802192_2	1	1	1	1	0.25	0.5	1	0.5	0.25	0.25	1
SRR32802193_1	1	1	1	1	0.25	0.5	1	0.5	0.25	0.25	1
SRR32802193_2	1	1	1	1	0.25	0.5	1	0.5	0.25	0.5	1
SRR32802194_1	1	1	1	1	0.25	0.25	1	0.5	0.25	0.25	1
SRR32802194_2	1	1	1	1	0.25	0.25	1	0.5	0.25	0.25	1
SRR32802195_1	1	1	1	1	0.25	0.25	1	0.5	0.25	0.25	1
SRR32802195_2	1	1	1	1	0.25	0.25	1	0.5	0.25	0.25	1
SRR32802196_1	1	1	1	1	0.25	0.25	1	0.5	0.25	0.25	1
SRR32802196_2	1	1	1	1	0.25	0.5	1	0.5	0.25	0.25	1
SRR32802197_1	1	1	1	1	0.25	0.25	1	0.5	0.25	0.25	1
SRR32802197_2	1	1	1	1	0.25	0.25	1	0.5	0.25	0.25	1
SRR32802198_1	1	1	1	1	0.25	0.25	1	0.5	0.25	0.25	1
SRR32802198_2	1	1	1	1	0.25	0.5	1	0.5	0.25	0.25	1
SRR32802199_1	1	1	1	1	0.25	0.5	1	0.5	0.25	0.25	1
SRR32802199_2	1	1	1	1	0.25	0.5	1	0.5	0.25	0.25	1
SRR32802200_1	1	1	1	1	0.25	0.5	1	0.5	0.25	0.25	1
SRR32802200_2	1	1	1	1	0.25	0.25	1	0.5	0.25	0.25	1
SRR32802201_1	1	1	1	1	0.25	0.5	1	1	0.25	0.25	1
SRR32802201_2	1	1	1	1	0.25	0.5	1	1	0.25	0.25	1
SRR32802202_1	1	1	1	1	0.25	0.5	1	1	0.25	0.25	1
SRR32802202_2	1	1	1	1	0.25	0.25	1	1	0.25	0.25	1
SRR32802203_1	1	1	1	1	0.25	0.5	1	1	0.25	0.25	1
SRR32802203_2	1	1	1	1	0.25	0.5	1	1	0.25	0.25	1
SRR32802204_1	1	1	1	1	0.25	0.25	1	1	0.25	0.25	1
SRR32802204_2	1	1	1	1	0.25	0.25	1	1	0.25	0.25	1
SRR32802205_1	1	1	1	1	0.25	0.5	1	1	0.25	0.25	1
SRR32802205_2	1	1	1	1	0.25	0.5	1	1	0.25	0.25	1
SRR32802206_1	1	1	1	1	0.25	0.25	1	1	0.25	0.25	1
SRR32802206_2	1	1	1	1	0.25	0.25	1	1	0.25	0.25	1
SRR32802207_1	1	1	1	1	0.25	0.5	1	1	0.25	0.25	1
SRR32802207_2	1	1	1	1	0.25	0.5	1	1	0.25	0.25	1
SRR32802208_1	1	1	1	1	0.25	0.5	1	1	0.25	0.25	1
SRR32802208_2	1	1	1	1	0.25	0.5	1	1	0.25	0.25	1
SRR32802209_1	1	1	1	1	0.25	0.25	1	1	0.25	0.25	1
SRR32802209_2	1	1	1	1	0.25	0.25	1	1	0.25	0.25	1
SRR32802210_1	1	1	1	1	0.25	0.25	1	1	0.25	0.25	1
SRR32802210_2	1	1	1	1	0.25	0.5	1	1	0.25	0.25	1
SRR32802211_1	1	1	1	1	0.25	0.25	1	1	0.25	0.25	1
SRR32802211_2	1	1	1	1	0.25	0.25	1	1	0.25	0.25	1
SRR32802212_1	1	1	1	1	0.25	0.25	1	1	0.25	0.25	1
SRR32802212_2	1	1	1	1	0.25	0.5	1	1	0.25	0.25	1
SRR32802213_1	1	1	1	1	0.25	0.25	1	0.5	0.25	0.25	1
SRR32802213_2	1	1	1	1	0.25	0.25	1	0.5	0.25	0.25	1
SRR32802214_1	1	1	1	1	0.25	0.5	1	0.5	0.25	0.25	1
SRR32802214_2	1	1	1	1	0.25	0.5	1	0.5	0.25	0.25	1
SRR32802215_1	1	1	1	1	0.25	0.25	1	0.5	0.25	0.25	1
SRR32802215_2	1	1	1	1	0.25	0.5	1	0.5	0.25	0.25	1
SRR32802216_1	1	1	1	1	0.25	0.5	1	0.5	0.25	0.25	1
SRR32802216_2	1	1	1	1	0.25	0.5	1	0.5	0.25	0.25	1
SRR32802217_1	1	1	1	1	0.25	0.5	1	0.5	0.25	0.25	1
SRR32802217_2	1	1	1	1	0.25	0.5	1	0.5	0.25	0.25	1
SRR32802218_1	1	1	1	1	0.25	0.25	1	0.5	0.25	0.25	1
SRR32802218_2	1	1	1	1	0.25	0.5	1	0.5	0.25	0.25	1
SRR32802219_1	1	1	1	1	0.25	0.25	1	1	0.25	0.25	1
SRR32802219_2	1	1	1	1	0.25	0.25	1	1	0.25	0.25	1
SRR32802220_1	1	1	1	1	0.25	0.5	1	1	0.25	0.25	1
SRR32802220_2	1	1	1	1	0.25	0.25	1	1	0.25	0.25	1
SRR32802221_1	1	1	1	1	0.25	0.25	1	1	0.25	0.25	1
SRR32802221_2	1	1	1	1	0.25	0.25	1	1	0.25	0.25	1
SRR32802222_1	1	1	1	1	0.25	0.5	1	1	0.25	0.25	1
SRR32802222_2	1	1	1	1	0.25	0.5	1	1	0.25	0.25	1
SRR32802223_1	1	1	1	1	0.25	0.25	1	1	0.25	0.25	1
SRR32802223_2	1	1	1	1	0.25	0.5	1	1	0.25	0.25	1
SRR32802224_1	1	1	1	1	0.25	0.5	1	1	0.25	0.25	1
SRR32802224_2	1	1	1	1	0.25	0.25	1	1	0.25	0.25	1
SRR32802225_1	1	1	1	1	0.25	0.5	1	1	0.25	0.25	1
SRR32802225_2	1	1	1	1	0.25	0.25	1	1	0.25	0.25	1
SRR32802226_1	1	1	1	1	0.25	0.5	1	1	0.25	0.25	1
SRR32802226_2	1	1	1	1	0.25	0.5	1	1	0.25	0.25	1
SRR32802227_1	1	1	1	1	0.25	0.5	1	1	0.25	0.25	1
SRR32802227_2	1	1	1	1	0.25	0.5	1	1	0.25	0.25	1
SRR32802228_1	1	1	1	1	0.25	0.5	1	1	0.25	0.25	1
SRR32802228_2	1	1	1	1	0.25	0.25	1	1	0.25	0.25	1
SRR32802229_1	1	1	1	1	0.25	0.25	1	1	0.25	0.25	1
SRR32802229_2	1	1	1	1	0.25	0.5	1	1	0.25	0.25	1
SRR32802230_1	1	1	1	1	0.25	0.25	1	1	0.25	0.25	1
SRR32802230_2	1	1	1	1	0.25	0.25	1	1	0.25	0.25	1
SRR32802231_1	1	1	1	1	0.25	0.25	1	1	0.25	0.25	1
SRR32802231_2	1	1	1	1	0.25	0.5	1	1	0.25	0.25	1
SRR32802232_1	1	1	1	1	0.25	0.25	1	1	0.25	0.25	1
SRR32802232_2	1	1	1	1	0.25	0.25	1	1	0.25	0.25	1
SRR32802233_1	1	1	1	1	0.25	0.25	1	1	0.25	0.25	1
SRR32802233_2	1	1	1	1	0.25	0.25	1	1	0.25	0.25	1
SRR32802234_1	1	1	1	1	0.25	0.25	1	1	0.25	0.25	1
SRR32802234_2	1	1	1	1	0.25	0.25	1	1	0.25	0.25	1
SRR32802235_1	1	1	1	1	0.25	0.25	1	1	0.25	0.25	1
SRR32802235_2	1	1	1	1	0.25	0.25	1	1	0.25	0.25	1
SRR32802236_1	1	1	1	1	0.25	0.25	1	0.5	0.25	0.25	1
SRR32802236_2	1	1	1	1	0.25	0.25	1	0.5	0.25	0.5	1
SRR32802237_1	1	1	1	1	0.25	0.25	1	1	0.25	0.25	1
SRR32802237_2	1	1	1	1	0.25	0.25	1	1	0.25	0.25	1
SRR32802238_1	1	1	1	1	0.25	0.5	1	1	0.25	0.25	1
SRR32802238_2	1	1	1	1	0.25	0.5	1	1	0.25	0.5	1
SRR32802239_1	1	1	1	1	0.25	0.25	1	1	0.25	0.25	1
SRR32802239_2	1	1	1	1	0.25	0.25	1	1	0.25	0.25	1
SRR32802240_1	1	1	1	1	0.25	0.25	1	1	0.25	0.25	1
SRR32802240_2	1	1	1	1	0.25	0.25	1	1	0.25	0.25	1
SRR32802241_1	1	1	1	1	0.25	0.25	1	1	0.25	0.25	1
SRR32802241_2	1	1	1	1	0.25	0.25	1	1	0.25	0.25	1
SRR32802242_1	1	1	1	1	0.25	0.25	1	1	0.25	0.25	1
SRR32802242_2	1	1	1	1	0.25	0.25	1	1	0.25	0.25	1
SRR32802243_1	1	1	1	1	0.25	0.25	1	1	0.25	0.25	1
SRR32802243_2	1	1	1	1	0.25	0.25	1	1	0.25	0.25	1
SRR32802244_1	1	1	1	1	0.25	0.25	1	1	0.25	0.25	1
SRR32802244_2	1	1	1	1	0.25	0.25	1	1	0.25	0.25	1
SRR32802245_1	1	1	1	1	0.25	0.25	1	1	0.25	0.25	1
SRR32802245_2	1	1	1	1	0.25	0.25	1	1	0.25	0.25	1
SRR32802246_1	1	1	1	1	0.25	0.25	1	1	0.25	0.25	1
SRR32802246_2	1	1	1	1	0.25	0.25	1	1	0.25	0.25	1
