Sample	0	1	2	3	4	5	6	7	8	9	10	11	12	13	14	15
SRR32802187_1	(1.0, 5.90746889550416)	(2.0, 2.238378749713762)	(3.0, 1.2852072360888482)	(4.0, 0.8739790855659874)	(5.0, 0.7394473704297382)	(6.0, 0.535264483627204)	(7.0, 0.5543469964124876)	(8.0, 0.46561331196091904)	(9.0, 0.43794366842225785)	('>10', 5.967101747958171)	('>50', 2.4964697351347227)	('>100', 13.871078543622625)	('>500', 9.661953286008702)	('>1k', 28.590851843370736)	('>5k', 10.688115411037327)	('>10k+', 15.686779635142356)
SRR32802187_2	(1.0, 14.927772689107702)	(2.0, 3.027440653385238)	(3.0, 1.887737577284177)	(4.0, 1.316693382184566)	(5.0, 0.968437523853141)	(6.0, 0.7556675062972292)	(7.0, 0.62113579116098)	(8.0, 0.4503473017326922)	(9.0, 0.4250629722921915)	('>10', 5.259140523624151)	('>50', 4.123731012899778)	('>100', 20.541370887718493)	('>500', 16.368025341576978)	('>1k', 29.327436836882683)	('>5k', 0.0)	('>10k+', 0.0)
SRR32802188_1	(1.0, 5.946643717728055)	(2.0, 2.4010327022375213)	(3.0, 1.5210843373493976)	(4.0, 0.9523809523809524)	(5.0, 0.7781124497991967)	(6.0, 0.598106712564544)	(7.0, 0.46184738955823296)	(8.0, 0.527825588066552)	(9.0, 0.34853700516351116)	('>10', 6.152467010900746)	('>50', 3.6567699368904187)	('>100', 15.731497418244405)	('>500', 11.814400458978772)	('>1k', 36.86101549053356)	('>5k', 4.252008032128514)	('>10k+', 7.996270797475617)
SRR32802188_2	(1.0, 13.927854274239818)	(2.0, 3.439472174411933)	(3.0, 2.0051635111876074)	(4.0, 1.316695352839931)	(5.0, 1.0900745840504877)	(6.0, 0.8734939759036146)	(7.0, 0.5873493975903614)	(8.0, 0.5909351692484223)	(9.0, 0.40662650602409633)	('>10', 6.490246701090074)	('>50', 5.483362019506598)	('>100', 27.117039586919105)	('>500', 12.843516924842227)	('>1k', 23.828169822145725)	('>5k', 0.0)	('>10k+', 0.0)
SRR32802189_1	(1.0, 6.166520715190573)	(2.0, 2.4349807429071832)	(3.0, 1.5023083005296762)	(4.0, 0.9046157508565793)	(5.0, 0.7609314821584948)	(6.0, 0.5662350470587235)	(7.0, 0.4642107142553499)	(8.0, 0.46251030870862697)	(9.0, 0.4514576726549282)	('>10', 5.811135955925488)	('>50', 3.2044142527992925)	('>100', 17.77178857157432)	('>500', 10.89024732398677)	('>1k', 32.73450717996242)	('>5k', 4.6336051148198845)	('>10k+', 11.240530866611687)
SRR32802189_2	(1.0, 12.71818328671388)	(2.0, 3.2086652666660997)	(3.0, 1.897652590142749)	(4.0, 1.2991098376962904)	(5.0, 0.9182189952303625)	(6.0, 0.6835630297826032)	(7.0, 0.6070447801800729)	(8.0, 0.5441297749513259)	(9.0, 0.367287598092145)	('>10', 6.40032647786497)	('>50', 4.773888572424523)	('>100', 24.95940281757199)	('>500', 14.293609025752643)	('>1k', 27.328917946930343)	('>5k', 0.0)	('>10k+', 0.0)
SRR32802190_1	(1.0, 6.761680377994928)	(2.0, 2.53627386607959)	(3.0, 1.58549302846549)	(4.0, 1.2127766405314588)	(5.0, 0.8207485226526593)	(6.0, 0.6681858560889885)	(7.0, 0.5542466494148546)	(8.0, 0.5098296705418871)	(9.0, 0.4055463288401375)	('>10', 5.881065492513486)	('>50', 3.1735609542569487)	('>100', 16.022298610842892)	('>500', 14.450967517670232)	('>1k', 36.94591428166802)	('>5k', 8.471412202438428)	('>10k+', 0.0)
SRR32802190_2	(1.0, 13.746089374686186)	(2.0, 3.2211965547873778)	(3.0, 2.0644239310957477)	(4.0, 1.2719992790287487)	(5.0, 0.9012140640891944)	(6.0, 0.7145340079564327)	(7.0, 0.6939348293486797)	(8.0, 0.6025259742767757)	(9.0, 0.5098296705418871)	('>10', 6.837639849111017)	('>50', 5.5321669048446696)	('>100', 24.78660538411031)	('>500', 14.732275050532358)	('>1k', 24.385565125590617)	('>5k', 0.0)	('>10k+', 0.0)
SRR32802191_1	(1.0, 6.572431899502609)	(2.0, 2.509111453290647)	(3.0, 1.4539553123372955)	(4.0, 1.1033443741622448)	(5.0, 0.7920594653875552)	(6.0, 0.6546953063553079)	(7.0, 0.5970909815998493)	(8.0, 0.5583188399375214)	(9.0, 0.48852898494533126)	('>10', 6.1675399630003)	('>50', 3.0109337439487764)	('>100', 14.571124724440851)	('>500', 11.427811811102126)	('>1k', 39.31993663524277)	('>5k', 10.773116504746818)	('>10k+', 0.0)
SRR32802191_2	(1.0, 13.714814281441438)	(2.0, 3.1228190670314944)	(3.0, 1.8660477894340375)	(4.0, 1.238492982242359)	(5.0, 0.8751426260925436)	(6.0, 0.7377784670602963)	(7.0, 0.6164770524310133)	(8.0, 0.46969680185220064)	(9.0, 0.44366407816463754)	('>10', 4.9700346733724015)	('>50', 3.77031383279237)	('>100', 29.240287578513584)	('>500', 24.261944589070687)	('>1k', 14.672486180500934)	('>5k', 0.0)	('>10k+', 0.0)
SRR32802192_1	(1.0, 5.481079162929157)	(2.0, 2.005934016106615)	(3.0, 1.27157487998896)	(4.0, 0.9581168863172628)	(5.0, 0.63578743999448)	(6.0, 0.5943873276227464)	(7.0, 0.5589015170184034)	(8.0, 0.43371546294197083)	(9.0, 0.4125225482754882)	('>10', 6.058709302210962)	('>50', 3.231673057398299)	('>100', 11.946889570128834)	('>500', 8.15286498634782)	('>1k', 30.020502912793624)	('>5k', 19.255487979181655)	('>10k+', 8.981852950743724)
SRR32802192_2	(1.0, 12.013425465011975)	(2.0, 2.6535500596358763)	(3.0, 1.6012972035209811)	(4.0, 1.1749746177882483)	(5.0, 0.8674309258839417)	(6.0, 0.7599877771096808)	(7.0, 0.5727015544756479)	(8.0, 0.5559443661347081)	(9.0, 0.43913690622874546)	('>10', 5.958166172165324)	('>50', 3.7028457648670763)	('>100', 14.784768701515047)	('>500', 13.290421788287713)	('>1k', 36.23249120247612)	('>5k', 5.392857494898914)	('>10k+', 0.0)
SRR32802193_1	(1.0, 6.652576102769619)	(2.0, 2.5802201421865996)	(3.0, 1.5580137794735252)	(4.0, 1.0716148335209026)	(5.0, 0.8646482391369987)	(6.0, 0.6884246932557437)	(7.0, 0.6071752079273147)	(8.0, 0.4172270868216628)	(9.0, 0.3903269193818451)	('>10', 5.988306661908814)	('>50', 3.039169937690428)	('>100', 18.245450303313113)	('>500', 14.380609920122971)	('>1k', 36.739040926683316)	('>5k', 6.7771952458071425)	('>10k+', 0.0)
SRR32802193_2	(1.0, 19.132606845818124)	(2.0, 3.8626444511542366)	(3.0, 2.297493892564025)	(4.0, 1.567895473635091)	(5.0, 0.98816941615657)	(6.0, 0.7510087562789931)	(7.0, 0.5687463972990036)	(8.0, 0.5138480964014164)	(9.0, 0.395267766462628)	('>10', 5.983365814828031)	('>50', 5.4288929757624)	('>100', 32.8236941066674)	('>500', 16.96357497735445)	('>1k', 8.722791029617634)	('>5k', 0.0)	('>10k+', 0.0)
SRR32802194_1	(1.0, 6.907371483996121)	(2.0, 2.4859359844810864)	(3.0, 1.4432589718719688)	(4.0, 1.088263821532493)	(5.0, 0.8414161008729388)	(6.0, 0.6983511154219204)	(7.0, 0.577109602327837)	(8.0, 0.4849660523763337)	(9.0, 0.3491755577109602)	('>10', 6.584384093113482)	('>50', 3.4961202715809896)	('>100', 17.488845780795344)	('>500', 12.492725509214354)	('>1k', 32.6537342386033)	('>5k', 7.451503394762367)	('>10k+', 4.956838021338506)
SRR32802194_2	(1.0, 13.728419010669255)	(2.0, 3.3685741998060132)	(3.0, 1.9306498545101844)	(4.0, 1.2065955383123181)	(5.0, 0.921435499515034)	(6.0, 0.6343355965082443)	(7.0, 0.5805043646944714)	(8.0, 0.4966052376333656)	(9.0, 0.3273520853540252)	('>10', 5.653734238603298)	('>50', 5.2657613967022305)	('>100', 32.54801163918526)	('>500', 20.88748787584869)	('>1k', 12.450533462657614)	('>5k', 0.0)	('>10k+', 0.0)
SRR32802195_1	(1.0, 5.255306073372106)	(2.0, 1.9211414626325962)	(3.0, 1.1863516125297255)	(4.0, 0.8283085582977814)	(5.0, 0.645724413726765)	(6.0, 0.5931758062648628)	(7.0, 0.5299393464378278)	(8.0, 0.46314026915574874)	(9.0, 0.41682624224017384)	('>10', 5.992322559384379)	('>50', 2.341975649509695)	('>100', 9.786064821824594)	('>500', 6.772981109220945)	('>1k', 34.63443091639428)	('>5k', 20.55942000587832)	('>10k+', 8.072891153130204)
SRR32802195_2	(1.0, 11.562029623164138)	(2.0, 2.2613714295893192)	(3.0, 1.5256909251226878)	(4.0, 1.1168805721563633)	(5.0, 0.8639347328482236)	(6.0, 0.7027262930074726)	(7.0, 0.5829332810816107)	(8.0, 0.5557683229868985)	(9.0, 0.5130169135263678)	('>10', 4.943577046055737)	('>50', 1.8752727628989017)	('>100', 15.52232425162767)	('>500', 6.502667509819464)	('>1k', 45.97379694861815)	('>5k', 5.498009387496994)	('>10k+', 0.0)
SRR32802196_1	(1.0, 7.304234008650125)	(2.0, 2.620077395857045)	(3.0, 1.5758024129296606)	(4.0, 1.0926473935806966)	(5.0, 0.890621443205099)	(6.0, 0.7307079444570908)	(7.0, 0.6134759845208286)	(8.0, 0.4689278397450489)	(9.0, 0.4302299112223993)	('>10', 6.249146369223765)	('>50', 3.1447757796494424)	('>100', 17.542112451627588)	('>500', 13.995561119963579)	('>1k', 36.632142044161164)	('>5k', 6.709537901206465)	('>10k+', 0.0)
SRR32802196_2	(1.0, 13.762235374459367)	(2.0, 3.0651035738675168)	(3.0, 1.8865240154791714)	(4.0, 1.1176872296835874)	(5.0, 0.8963123150466651)	(6.0, 0.7068062827225131)	(7.0, 0.4979512861370362)	(8.0, 0.5190075119508308)	(9.0, 0.40462098793535173)	('>10', 4.737650808103801)	('>50', 4.82699749601639)	('>100', 30.698269974960162)	('>500', 23.2529023446392)	('>1k', 13.627930798998406)	('>5k', 0.0)	('>10k+', 0.0)
SRR32802197_1	(1.0, 5.268757828388261)	(2.0, 2.0202292286764805)	(3.0, 1.2687039556088298)	(4.0, 0.8404153591294159)	(5.0, 0.6296381096041698)	(6.0, 0.5899069347735323)	(7.0, 0.5185255020269632)	(8.0, 0.43098223545098246)	(9.0, 0.42424813802206085)	('>10', 5.800751525273068)	('>50', 2.5293269943029535)	('>100', 7.971151126614499)	('>500', 9.520666945009362)	('>1k', 33.39304233053644)	('>5k', 16.283720992875324)	('>10k+', 12.509932793707659)
SRR32802197_2	(1.0, 11.91194494201942)	(2.0, 2.5576102035044244)	(3.0, 1.492949399991919)	(4.0, 1.034357365082358)	(5.0, 0.7744212043259843)	(6.0, 0.6868779377500034)	(7.0, 0.5326671066276987)	(8.0, 0.5441150722568654)	(9.0, 0.44243020108014924)	('>10', 4.892995191854435)	('>50', 2.286226077118884)	('>100', 14.447332624008405)	('>500', 13.405567751754234)	('>1k', 36.3769209012916)	('>5k', 8.61358402133362)	('>10k+', 0.0)
SRR32802198_1	(1.0, 6.500044862272822)	(2.0, 2.3856759747574943)	(3.0, 1.4804550031403592)	(4.0, 1.0029210324304385)	(5.0, 0.7776127289222088)	(6.0, 0.5772279103153319)	(7.0, 0.5966682285383871)	(8.0, 0.49448194044284044)	(9.0, 0.358898182579481)	('>10', 6.238846740506645)	('>50', 3.383612310207663)	('>100', 14.9520970620196)	('>500', 10.756477613725862)	('>1k', 34.157636057304074)	('>5k', 11.203106463158106)	('>10k+', 5.134237889678686)
SRR32802198_2	(1.0, 14.986491471183466)	(2.0, 3.253013249324573)	(3.0, 1.830380731155353)	(4.0, 1.2501620026518587)	(5.0, 0.9794929566231668)	(6.0, 0.8254658199328062)	(7.0, 0.5827110769936296)	(8.0, 0.4705553949375417)	(9.0, 0.40376045540191613)	('>10', 5.403411526613297)	('>50', 4.127827569362059)	('>100', 21.849920743318012)	('>500', 20.82805786236255)	('>1k', 23.20874914013977)	('>5k', 0.0)	('>10k+', 0.0)
SRR32802199_1	(1.0, 6.726709190548917)	(2.0, 2.5413260264127215)	(3.0, 1.4705552061809362)	(4.0, 1.1050220106010242)	(5.0, 0.7664405713772348)	(6.0, 0.7243284520707932)	(7.0, 0.597430599227383)	(8.0, 0.4716557362321444)	(9.0, 0.43965052555924894)	('>10', 6.88055879974845)	('>50', 3.1595319378312823)	('>100', 18.570321624292514)	('>500', 10.824499146527716)	('>1k', 31.49705776659779)	('>5k', 14.224912406791843)	('>10k+', 0.0)
SRR32802199_2	(1.0, 15.05367891474261)	(2.0, 3.5172042044739915)	(3.0, 2.0163282723924176)	(4.0, 1.20384511724014)	(5.0, 0.9208516755008535)	(6.0, 0.7310663911598239)	(7.0, 0.656387566256401)	(8.0, 0.5210672895517025)	(9.0, 0.4851316144102057)	('>10', 5.8867127841164315)	('>50', 7.12087862725721)	('>100', 29.55653130895697)	('>500', 20.282319647830384)	('>1k', 12.04799658611086)	('>5k', 0.0)	('>10k+', 0.0)
SRR32802200_1	(1.0, 6.989003048930685)	(2.0, 2.444618391018518)	(3.0, 1.4976435104851467)	(4.0, 1.068494200463087)	(5.0, 0.8374980157318255)	(6.0, 0.6634298006973677)	(7.0, 0.6245655136928189)	(8.0, 0.5079726526791726)	(9.0, 0.4483077613623301)	('>10', 7.303201650911122)	('>50', 3.4195098720762833)	('>100', 16.67004220333138)	('>500', 12.954397411966918)	('>1k', 34.48904410275498)	('>5k', 3.7703832237652377)	('>10k+', 6.311888640133125)
SRR32802200_2	(1.0, 15.212357748498798)	(2.0, 3.4320997115284615)	(3.0, 2.0576176739450536)	(4.0, 1.2962060792503025)	(5.0, 0.94971180215341)	(6.0, 0.8013706503473152)	(7.0, 0.6820408677136305)	(8.0, 0.44228653379824506)	(9.0, 0.4778665148587474)	('>10', 6.173947790483176)	('>50', 5.679112361580189)	('>100', 29.391801277595015)	('>500', 20.586029657282676)	('>1k', 12.817551330964982)	('>5k', 0.0)	('>10k+', 0.0)
SRR32802201_1	(1.0, 7.676550203279647)	(2.0, 2.809335186714186)	(3.0, 1.7715115853722263)	(4.0, 1.0953062781534473)	(5.0, 0.8099831732527879)	(6.0, 0.614542072093728)	(7.0, 0.7389136819222206)	(8.0, 0.45986141449190543)	(9.0, 0.3856565044261661)	('>10', 7.233411022041994)	('>50', 4.991586626393954)	('>100', 21.754580324202298)	('>500', 12.57407426761844)	('>1k', 31.24549283556819)	('>5k', 5.839194824468808)	('>10k+', 0.0)
SRR32802201_2	(1.0, 14.432332437997095)	(2.0, 3.6788913159352434)	(3.0, 2.2261473019721785)	(4.0, 1.346139776967214)	(5.0, 0.9249485268757642)	(6.0, 0.6960629592082023)	(7.0, 0.6072260950449933)	(8.0, 0.49330588100040756)	(9.0, 0.44209404165926364)	('>10', 8.295272833686939)	('>50', 8.279595740011079)	('>100', 33.262612221862234)	('>500', 19.344488456433357)	('>1k', 5.970882411346035)	('>5k', 0.0)	('>10k+', 0.0)
SRR32802202_1	(1.0, 7.32861244801406)	(2.0, 2.834574864862103)	(3.0, 1.5756721130560067)	(4.0, 1.034098688983579)	(5.0, 0.8123601361086417)	(6.0, 0.6437570889917538)	(7.0, 0.46493567538293323)	(8.0, 0.5640538303546795)	(9.0, 0.41384384292327026)	('>10', 6.241378253272432)	('>50', 4.49812492974873)	('>100', 20.31104707601443)	('>500', 11.867610843730521)	('>1k', 35.863400876735845)	('>5k', 5.546529331821015)	('>10k+', 0.0)
SRR32802202_2	(1.0, 12.32845917251668)	(2.0, 3.2371785046442474)	(3.0, 1.9312712669752614)	(4.0, 1.1812431664674086)	(5.0, 0.8072509528626753)	(6.0, 0.6805432083627111)	(7.0, 0.5221585277377558)	(8.0, 0.3760358869031197)	(9.0, 0.4046473130805309)	('>10', 6.992428190429479)	('>50', 6.245465599869205)	('>100', 27.854245220359076)	('>500', 11.241224977775053)	('>1k', 26.1978480120168)	('>5k', 0.0)	('>10k+', 0.0)
SRR32802203_1	(1.0, 6.656617806339808)	(2.0, 2.4929597804895662)	(3.0, 1.3620116975954943)	(4.0, 0.9856307314607553)	(5.0, 0.7762293306375911)	(6.0, 0.6769441836955736)	(7.0, 0.606541988591234)	(8.0, 0.3971405877680699)	(9.0, 0.4549064914434255)	('>10', 6.85248032348906)	('>50', 3.5814860278720486)	('>100', 14.797999855585243)	('>500', 10.954762076684236)	('>1k', 29.602317856884973)	('>5k', 19.80197126146292)	('>10k+', 0.0)
SRR32802203_2	(1.0, 12.573109971839122)	(2.0, 2.9352299805040074)	(3.0, 1.8358726261823957)	(4.0, 1.2455772979998556)	(5.0, 0.8890533612535201)	(6.0, 0.8394107877825114)	(7.0, 0.619178280020218)	(8.0, 0.5343346089970396)	(9.0, 0.4467831612390787)	('>10', 7.482489710448408)	('>50', 4.105892122174886)	('>100', 20.791212361903387)	('>500', 10.98545021301177)	('>1k', 34.7164055166438)	('>5k', 0.0)	('>10k+', 0.0)
SRR32802204_1	(1.0, 6.062465324238765)	(2.0, 2.1931399105773313)	(3.0, 1.4079174961652687)	(4.0, 0.986912959759799)	(5.0, 0.7408374400313306)	(6.0, 0.6540256519043112)	(7.0, 0.5437159361639633)	(8.0, 0.516954407493228)	(9.0, 0.4347116608465781)	('>10', 6.271335791912796)	('>50', 2.8693580496720084)	('>100', 11.305766783068439)	('>500', 11.351457197872133)	('>1k', 35.47012173231944)	('>5k', 9.632844881041741)	('>10k+', 9.558434776932868)
SRR32802204_2	(1.0, 11.63669593028948)	(2.0, 2.677458307496492)	(3.0, 1.672269181815215)	(4.0, 1.2036160699716068)	(5.0, 0.9529715087627689)	(6.0, 0.771515289970954)	(7.0, 0.603113475408766)	(8.0, 0.5691720244117359)	(9.0, 0.45233510655657455)	('>10', 6.414934238438693)	('>50', 3.0560360301556737)	('>100', 17.912600763682647)	('>500', 15.30498351881466)	('>1k', 29.65112104696322)	('>5k', 7.121177507261513)	('>10k+', 0.0)
SRR32802205_1	(1.0, 6.047082356303001)	(2.0, 2.20199524301791)	(3.0, 1.3564963061950026)	(4.0, 0.9278636443861729)	(5.0, 0.7269946126757604)	(6.0, 0.5496583545548525)	(7.0, 0.4353563114058311)	(8.0, 0.3765243774320701)	(9.0, 0.43115403040770534)	('>10', 6.454703613121201)	('>50', 4.043434776396628)	('>100', 14.275148550633284)	('>500', 6.790886092971264)	('>1k', 36.100955598698974)	('>5k', 0.0)	('>10k+', 19.281746131800343)
SRR32802205_2	(1.0, 12.226116335947152)	(2.0, 3.054217829437819)	(3.0, 1.7573939134162022)	(4.0, 1.1531059058857147)	(5.0, 0.9581200675726785)	(6.0, 0.7967524772446484)	(7.0, 0.6765672406982509)	(8.0, 0.5378919677601002)	(9.0, 0.4462822420009581)	('>10', 6.740458720993756)	('>50', 3.988805123420993)	('>100', 18.809409747611003)	('>500', 11.494919442273266)	('>1k', 37.35995898573746)	('>5k', 0.0)	('>10k+', 0.0)
SRR32802206_1	(1.0, 6.923670792646199)	(2.0, 2.5485488372882217)	(3.0, 1.5550898864012352)	(4.0, 1.1402295730077796)	(5.0, 0.7550627380780683)	(6.0, 0.5955663394728135)	(7.0, 0.6235630477386295)	(8.0, 0.515818140170186)	(9.0, 0.4886698170033342)	('>10', 6.110069482739605)	('>50', 3.668417167920863)	('>100', 18.484614536230286)	('>500', 13.454539284472009)	('>1k', 34.294270855426696)	('>5k', 0.0)	('>10k+', 8.841869501404078)
SRR32802206_2	(1.0, 13.00235002672413)	(2.0, 3.2035021336885237)	(3.0, 1.9165019385599513)	(4.0, 1.2284616233000483)	(5.0, 0.9289816833657134)	(6.0, 0.7075531725360776)	(7.0, 0.4929117424981548)	(8.0, 0.4750956554199082)	(9.0, 0.37413782864317774)	('>10', 6.527474951429952)	('>50', 4.729746926724979)	('>100', 25.295450110714256)	('>500', 15.310805881005507)	('>1k', 25.80702632538962)	('>5k', 0.0)	('>10k+', 0.0)
SRR32802207_1	(1.0, 7.020105240745809)	(2.0, 2.7024971864829515)	(3.0, 1.5763299571128753)	(4.0, 1.0980320588861514)	(5.0, 0.7604100130790522)	(6.0, 0.6569942513003011)	(7.0, 0.5163183988806764)	(8.0, 0.5049122486844907)	(9.0, 0.4448398576512456)	('>10', 6.375277549654775)	('>50', 3.5579584511968854)	('>100', 19.933388082854275)	('>500', 14.004471210876904)	('>1k', 35.26249353651489)	('>5k', 5.585971956078717)	('>10k+', 0.0)
SRR32802207_2	(1.0, 15.399063174863887)	(2.0, 3.712321683851933)	(3.0, 2.0599507254311527)	(4.0, 1.4082793442224046)	(5.0, 0.9999391671989537)	(6.0, 0.857742494753171)	(7.0, 0.6440672810779573)	(8.0, 0.5292453691030203)	(9.0, 0.49958937859293734)	('>10', 6.704535085318003)	('>50', 5.384463302612769)	('>100', 26.88429601240989)	('>500', 15.74809137086717)	('>1k', 19.168415609696748)	('>5k', 0.0)	('>10k+', 0.0)
SRR32802208_1	(1.0, 6.241159912801146)	(2.0, 2.66357954094565)	(3.0, 1.6006684623033007)	(4.0, 1.1763442767583314)	(5.0, 0.868254109035911)	(6.0, 0.78142869813232)	(7.0, 0.6339188602531007)	(8.0, 0.5788360726906074)	(9.0, 0.5797696792594633)	('>10', 8.338040266451314)	('>50', 4.6092156304411755)	('>100', 20.33488467624858)	('>500', 9.99565872945482)	('>1k', 29.32411552447683)	('>5k', 12.274125560747445)	('>10k+', 0.0)
SRR32802208_2	(1.0, 10.813498083772517)	(2.0, 2.860570526974228)	(3.0, 1.597867642596733)	(4.0, 0.9597475527837814)	(5.0, 0.7468852550846548)	(6.0, 0.4901434486493047)	(7.0, 0.4182557428474067)	(8.0, 0.395849185194867)	(9.0, 0.3108909874289876)	('>10', 5.547957035425701)	('>50', 4.855687764619112)	('>100', 31.206733170574587)	('>500', 19.462896140937247)	('>1k', 20.33301746311087)	('>5k', 0.0)	('>10k+', 0.0)
SRR32802209_1	(1.0, 5.544080979494622)	(2.0, 2.4124520858918537)	(3.0, 1.4541699229652787)	(4.0, 0.9861932938856016)	(5.0, 0.7349931152543634)	(6.0, 0.7033605001674669)	(7.0, 0.5959026459752149)	(8.0, 0.6066019128428417)	(9.0, 0.4521603215362286)	('>10', 8.374734844255888)	('>50', 3.480052845074616)	('>100', 12.675840125041868)	('>500', 12.501860742063936)	('>1k', 40.317628670313724)	('>5k', 9.159967995236501)	('>10k+', 0.0)
SRR32802209_2	(1.0, 9.154385769044696)	(2.0, 2.528748464887797)	(3.0, 1.473707714636597)	(4.0, 0.9638643891183805)	(5.0, 0.6628893602768784)	(6.0, 0.5163559227419895)	(7.0, 0.488444791782963)	(8.0, 0.31632615086896654)	(9.0, 0.3349335715083175)	('>10', 4.3462282758364035)	('>50', 3.166517807301552)	('>100', 19.638736928287003)	('>500', 16.306613077295225)	('>1k', 40.102247776413236)	('>5k', 0.0)	('>10k+', 0.0)
SRR32802210_1	(1.0, 6.232707077277162)	(2.0, 2.3675981287368977)	(3.0, 1.467990893853351)	(4.0, 0.96264978860731)	(5.0, 0.8080454306656994)	(6.0, 0.5883971680884597)	(7.0, 0.5708853476096365)	(8.0, 0.5443674480274185)	(9.0, 0.43229179696295)	('>10', 7.761238836214444)	('>50', 4.135291321642109)	('>100', 14.422735346358792)	('>500', 12.730593150376505)	('>1k', 34.352187726715535)	('>5k', 12.623020538863733)	('>10k+', 0.0)
SRR32802210_2	(1.0, 12.773622194981613)	(2.0, 2.895954769469392)	(3.0, 1.6481124759212467)	(4.0, 1.206814599854902)	(5.0, 0.7630150351487254)	(6.0, 0.5403647462036875)	(7.0, 0.5358617066519901)	(8.0, 0.3802566732544468)	(9.0, 0.2791884522052385)	('>10', 4.732194231105997)	('>50', 2.981512520951642)	('>100', 25.105446176168915)	('>500', 17.445775898731643)	('>1k', 28.711880519350565)	('>5k', 0.0)	('>10k+', 0.0)
SRR32802211_1	(1.0, 6.131730590495074)	(2.0, 2.435095111221265)	(3.0, 1.4536216618129996)	(4.0, 0.9864303860214387)	(5.0, 0.7931098581076894)	(6.0, 0.7249519796765599)	(7.0, 0.5855381374310676)	(8.0, 0.5254352809963443)	(9.0, 0.4293946341161163)	('>10', 7.39636904393085)	('>50', 4.5696759402689135)	('>100', 16.605737654129747)	('>500', 13.253609269471466)	('>1k', 37.19313464279075)	('>5k', 6.91616580952971)	('>10k+', 0.0)
SRR32802211_2	(1.0, 12.000123923415329)	(2.0, 2.8750232356403744)	(3.0, 1.7027077266249457)	(4.0, 0.9517318297292273)	(5.0, 0.6722845281615961)	(6.0, 0.4609951050250945)	(7.0, 0.34698556292211413)	(8.0, 0.4015118656670178)	(9.0, 0.29555734556044366)	('>10', 3.9872358882210794)	('>50', 5.066608835739514)	('>100', 28.73226346118099)	('>500', 17.95588326414276)	('>1k', 24.551087427969513)	('>5k', 0.0)	('>10k+', 0.0)
SRR32802212_1	(1.0, 7.921860308122573)	(2.0, 2.778648407551173)	(3.0, 1.7214359765653255)	(4.0, 1.176555681462015)	(5.0, 0.8980880970176242)	(6.0, 0.7305253513995709)	(7.0, 0.5653735805386118)	(8.0, 0.5786339417026304)	(9.0, 0.3905779106492755)	('>10', 6.1956023820430595)	('>50', 3.949779395809726)	('>100', 17.122139981194398)	('>500', 17.6284446801842)	('>1k', 33.315451937218214)	('>5k', 5.026882368541601)	('>10k+', 0.0)
SRR32802212_2	(1.0, 13.07772982616872)	(2.0, 3.2596378715914844)	(3.0, 1.9185331629577838)	(4.0, 1.1789666562191092)	(5.0, 0.9011018154639922)	(6.0, 0.7052101164500808)	(7.0, 0.4472358174409914)	(8.0, 0.419509607734407)	(9.0, 0.3526050582250404)	('>10', 5.541625479181233)	('>50', 5.613351978204788)	('>100', 33.03698435277382)	('>500', 18.268558478192734)	('>1k', 15.27894977939581)	('>5k', 0.0)	('>10k+', 0.0)
SRR32802213_1	(1.0, 6.654775487029509)	(2.0, 2.4992902786928273)	(3.0, 1.5072873648181775)	(4.0, 1.0969881034639755)	(5.0, 0.816849051651642)	(6.0, 0.6813324548858286)	(7.0, 0.6186627243656698)	(8.0, 0.4885025148238017)	(9.0, 0.3519146406131992)	('>10', 5.867386565109565)	('>50', 3.346670737520957)	('>100', 15.825446053146075)	('>500', 13.553266592748523)	('>1k', 40.06416951894287)	('>5k', 6.627457912187388)	('>10k+', 0.0)
SRR32802213_2	(1.0, 15.36854622294355)	(2.0, 3.342385627741801)	(3.0, 1.9990037119763462)	(4.0, 1.3369542510967203)	(5.0, 1.0203917661615594)	(6.0, 0.7102569458951327)	(7.0, 0.5624206585142453)	(8.0, 0.5056429539404262)	(9.0, 0.4194051196349086)	('>10', 5.315143042320815)	('>50', 4.704514898791063)	('>100', 30.02844241615915)	('>500', 21.30663709940919)	('>1k', 13.380255285415094)	('>5k', 0.0)	('>10k+', 0.0)
SRR32802214_1	(1.0, 6.841763726008336)	(2.0, 2.5622328220017527)	(3.0, 1.5634303146261348)	(4.0, 1.233618100201366)	(5.0, 0.8262030117942989)	(6.0, 0.6823700988098663)	(7.0, 0.5244883896734659)	(8.0, 0.4656172438937911)	(9.0, 0.421463884559035)	('>10', 5.740605703811238)	('>50', 3.023167133844888)	('>100', 17.637929073649143)	('>500', 14.130412967707839)	('>1k', 34.73464500030104)	('>5k', 9.612052529117802)	('>10k+', 0.0)
SRR32802214_2	(1.0, 13.611276500377981)	(2.0, 3.282066377216867)	(3.0, 1.934719927213856)	(4.0, 1.2496738672321865)	(5.0, 0.9064818469484007)	(6.0, 0.6542725065059306)	(7.0, 0.5432201178760896)	(8.0, 0.4174499428013299)	(9.0, 0.45156844774182325)	('>10', 5.289037256069414)	('>50', 4.85218659477251)	('>100', 32.00315763418273)	('>500', 22.259314017353606)	('>1k', 12.545574963707276)	('>5k', 0.0)	('>10k+', 0.0)
SRR32802215_1	(1.0, 6.77718581821132)	(2.0, 2.588095302485329)	(3.0, 1.5982908294345133)	(4.0, 0.9871000892446656)	(5.0, 0.7775103442680585)	(6.0, 0.7139573248235389)	(7.0, 0.5868512859344999)	(8.0, 0.4759715498823593)	(9.0, 0.4381101765962625)	('>10', 5.990210130621738)	('>50', 4.4189631392487225)	('>100', 19.2741433864294)	('>500', 11.350974930362117)	('>1k', 35.54642074803256)	('>5k', 8.476214944424914)	('>10k+', 0.0)
SRR32802215_2	(1.0, 14.608405224869514)	(2.0, 3.5305730589285234)	(3.0, 1.8842794169348513)	(4.0, 1.2061551775427968)	(5.0, 0.8518808989371771)	(6.0, 0.6003732049652486)	(7.0, 0.5347918976661168)	(8.0, 0.4110663385347648)	(9.0, 0.2738188603726641)	('>10', 5.412824188008762)	('>50', 5.946939989723342)	('>100', 38.5083971117181)	('>500', 17.454769180842145)	('>1k', 8.775725450956)	('>5k', 0.0)	('>10k+', 0.0)
SRR32802216_1	(1.0, 6.3560973786371475)	(2.0, 2.3442214141155238)	(3.0, 1.459397978309277)	(4.0, 0.963320143750434)	(5.0, 0.760937474969162)	(6.0, 0.6439933998686382)	(7.0, 0.6167598481328997)	(8.0, 0.4869999839802637)	(9.0, 0.4709802476651234)	('>10', 6.434594086581334)	('>50', 3.3326391447596775)	('>100', 12.34961472534162)	('>500', 12.444665160811454)	('>1k', 34.59622254617689)	('>5k', 10.097239799432902)	('>10k+', 6.642316667467653)
SRR32802216_2	(1.0, 13.882703490700543)	(2.0, 3.260550331341546)	(3.0, 1.853483491661727)	(4.0, 1.2345876786868089)	(5.0, 0.9478343986457983)	(6.0, 0.8073947102830689)	(7.0, 0.6690909867623579)	(8.0, 0.46564033556007667)	(9.0, 0.4709802476651234)	('>10', 5.845601781394678)	('>50', 4.887087558538786)	('>100', 27.032237049378168)	('>500', 17.838510378119178)	('>1k', 20.804297561262143)	('>5k', 0.0)	('>10k+', 0.0)
SRR32802217_1	(1.0, 7.134758293112695)	(2.0, 2.66605378074006)	(3.0, 1.6387037462652263)	(4.0, 1.0296483566996093)	(5.0, 0.7354631119282923)	(6.0, 0.6619168007354631)	(7.0, 0.5040986746341837)	(8.0, 0.49030874128552826)	(9.0, 0.4757527005286141)	('>10', 6.643683444418907)	('>50', 4.2472994713858885)	('>100', 20.301846318853904)	('>500', 14.450317934574427)	('>1k', 26.55941162951046)	('>5k', 12.460736995326744)	('>10k+', 0.0)
SRR32802217_2	(1.0, 14.857120968359764)	(2.0, 3.586914885466942)	(3.0, 2.0041369800045965)	(4.0, 1.155289971654026)	(5.0, 0.8886845935800198)	(6.0, 0.5975637784417376)	(7.0, 0.4880104190607523)	(8.0, 0.36773155596414614)	(9.0, 0.3171684670190761)	('>10', 6.6459817666436845)	('>50', 8.372021757450394)	('>100', 43.441354477897804)	('>500', 13.702597104113998)	('>1k', 3.5754232743430627)	('>5k', 0.0)	('>10k+', 0.0)
SRR32802218_1	(1.0, 6.2561539044156635)	(2.0, 2.246575661708586)	(3.0, 1.398283606872564)	(4.0, 1.0696869592575113)	(5.0, 0.8447963458188407)	(6.0, 0.716620348522189)	(7.0, 0.5791224605130535)	(8.0, 0.4847383170491555)	(9.0, 0.3880237009071365)	('>10', 5.9730014740239685)	('>50', 3.1618688060405855)	('>100', 13.584325240766958)	('>500', 11.87550614953478)	('>1k', 33.9782916470033)	('>5k', 9.32305594882282)	('>10k+', 8.119949428742885)
SRR32802218_2	(1.0, 13.399052662856345)	(2.0, 3.234696077231865)	(3.0, 1.9733277401989058)	(4.0, 1.2957428090352425)	(5.0, 0.8710141634477012)	(6.0, 0.6886546763847378)	(7.0, 0.6117490780067467)	(8.0, 0.503382098474123)	(9.0, 0.41424151853599706)	('>10', 5.08392614732083)	('>50', 4.024726315114863)	('>100', 26.628563438379388)	('>500', 19.500812752346494)	('>1k', 21.770110522666762)	('>5k', 0.0)	('>10k+', 0.0)
SRR32802219_1	(1.0, 6.716638923213611)	(2.0, 2.6184373117104602)	(3.0, 1.688095505560605)	(4.0, 1.270411862623952)	(5.0, 0.7659235506173344)	(6.0, 0.7046496665679476)	(7.0, 0.44321442795723087)	(8.0, 0.4575116675687544)	(9.0, 0.4135987173333606)	('>10', 6.461331073007832)	('>50', 4.02569418204471)	('>100', 20.84741781640302)	('>500', 11.645101663585953)	('>1k', 41.941973631805226)	('>5k', 0.0)	('>10k+', 0.0)
SRR32802219_2	(1.0, 14.790494378121139)	(2.0, 3.6948152081780212)	(3.0, 2.0925031402865573)	(4.0, 1.4746581427885743)	(5.0, 0.86294053369553)	(6.0, 0.7781783274272117)	(7.0, 0.6219299231012755)	(8.0, 0.46568151877533936)	(9.0, 0.40440763472595254)	('>10', 6.625749328540353)	('>50', 6.969904310617743)	('>100', 33.21963623737503)	('>500', 13.614035804372913)	('>1k', 14.385065511994362)	('>5k', 0.0)	('>10k+', 0.0)
SRR32802220_1	(1.0, 5.9914785508243575)	(2.0, 2.058027011053184)	(3.0, 1.2901262338899622)	(4.0, 0.853909192755886)	(5.0, 0.6704245728248692)	(6.0, 0.579564400455183)	(7.0, 0.41989749561136547)	(8.0, 0.4340116971445206)	(9.0, 0.35726572630798953)	('>10', 6.26979296230626)	('>50', 3.4006404318945673)	('>100', 11.797708206526055)	('>500', 8.981925000661603)	('>1k', 26.526759643969267)	('>5k', 16.59697779659671)	('>10k+', 13.771491077178219)
SRR32802220_2	(1.0, 11.830347297571475)	(2.0, 2.611127283633701)	(3.0, 1.6368063090480853)	(4.0, 1.1750072776351654)	(5.0, 0.9174230996550842)	(6.0, 0.6960065631037129)	(7.0, 0.6174963170755374)	(8.0, 0.5045827048102963)	(9.0, 0.4207796332071877)	('>10', 6.345215726749058)	('>50', 3.2908143012147035)	('>100', 17.345471546651847)	('>500', 12.501212939194255)	('>1k', 35.147449299141684)	('>5k', 4.96025970130821)	('>10k+', 0.0)
SRR32802221_1	(1.0, 6.370986833718792)	(2.0, 2.4766448746198533)	(3.0, 1.4614025822664942)	(4.0, 0.9396682024292972)	(5.0, 0.7511882432210952)	(6.0, 0.557245096789467)	(7.0, 0.5800083768870758)	(8.0, 0.5463187223426147)	(9.0, 0.41793382259210027)	('>10', 6.613188133957351)	('>50', 2.847231074608927)	('>100', 13.764500209422176)	('>500', 12.935006282665306)	('>1k', 34.44903756851747)	('>5k', 15.289639975961977)	('>10k+', 0.0)
SRR32802221_2	(1.0, 13.551435907708557)	(2.0, 2.9992897856609546)	(3.0, 1.860215249576603)	(4.0, 1.2711015606504834)	(5.0, 0.99247901225575)	(6.0, 0.8249412707373482)	(7.0, 0.5035237557591099)	(8.0, 0.6264454682861982)	(9.0, 0.5080764117786317)	('>10', 8.111011964380019)	('>50', 4.640067015096607)	('>100', 19.367909238249595)	('>500', 10.512993280279716)	('>1k', 34.23051007958043)	('>5k', 0.0)	('>10k+', 0.0)
SRR32802222_1	(1.0, 6.938375665999493)	(2.0, 2.453979082682604)	(3.0, 1.441941758520565)	(4.0, 1.0148563696332422)	(5.0, 0.856285061878048)	(6.0, 0.6385137992275816)	(7.0, 0.5426662532066642)	(8.0, 0.42285682068051755)	(9.0, 0.49474248019620554)	('>10', 6.501423617962958)	('>50', 3.4427592817072137)	('>100', 13.83939897950554)	('>500', 7.693879852282018)	('>1k', 37.22549544724156)	('>5k', 8.787669495108956)	('>10k+', 7.705156034166831)
SRR32802222_2	(1.0, 12.839342598596115)	(2.0, 3.0445691088997267)	(3.0, 1.795027203788797)	(4.0, 1.220646689031094)	(5.0, 0.8915231302680913)	(6.0, 0.7526851408113213)	(7.0, 0.636399515124179)	(8.0, 0.5468948214134693)	(9.0, 0.4693710709553745)	('>10', 6.707213937360809)	('>50', 4.113692103853635)	('>100', 19.669185013954273)	('>500', 13.777379979139063)	('>1k', 33.53606968680405)	('>5k', 0.0)	('>10k+', 0.0)
SRR32802223_1	(1.0, 7.349493623405852)	(2.0, 2.6506626656664167)	(3.0, 1.5753938484621155)	(4.0, 1.1346586646661665)	(5.0, 0.8087959489872467)	(6.0, 0.7595648912228057)	(7.0, 0.5579519879969993)	(8.0, 0.5063765941485371)	(9.0, 0.48527756939234806)	('>10', 6.432076769192298)	('>50', 3.8454926231557893)	('>100', 15.891472868217054)	('>500', 15.193642160540136)	('>1k', 27.685046261565393)	('>5k', 15.124093523380846)	('>10k+', 0.0)
SRR32802223_2	(1.0, 12.516410352588148)	(2.0, 3.308639659914979)	(3.0, 1.9715866466616654)	(4.0, 1.2690672668167042)	(5.0, 0.9572705676419105)	(6.0, 0.6845461365341335)	(7.0, 0.5360715178794699)	(8.0, 0.5188797199299825)	(9.0, 0.40791447861965496)	('>10', 6.709489872468118)	('>50', 5.347430607651913)	('>100', 31.40707051762941)	('>500', 12.595336334083521)	('>1k', 21.770286321580397)	('>5k', 0.0)	('>10k+', 0.0)
SRR32802224_1	(1.0, 6.701578370561186)	(2.0, 2.336485555141285)	(3.0, 1.494763244415822)	(4.0, 0.9739122575105357)	(5.0, 0.9575297427380267)	(6.0, 0.7389079076704064)	(7.0, 0.5694336169203131)	(8.0, 0.5739529313403157)	(9.0, 0.39656984035521814)	('>10', 6.0106881786033055)	('>50', 2.483363273791366)	('>100', 12.163169847134188)	('>500', 12.719610435096996)	('>1k', 38.44072354223864)	('>5k', 7.293608559581512)	('>10k+', 6.14570269690088)
SRR32802224_2	(1.0, 11.697115547571434)	(2.0, 2.7025500231614865)	(3.0, 1.5540792461783546)	(4.0, 1.256369408760691)	(5.0, 0.9123365985380019)	(6.0, 0.6406128190353524)	(7.0, 0.5694336169203131)	(8.0, 0.4926052717802709)	(9.0, 0.39148561163271534)	('>10', 6.114067495960863)	('>50', 3.186116666101752)	('>100', 16.663277180851665)	('>500', 12.56595374481691)	('>1k', 30.588414737484328)	('>5k', 10.665582031205865)	('>10k+', 0.0)
SRR32802225_1	(1.0, 5.897769978686389)	(2.0, 2.253368379035842)	(3.0, 1.3963051386137868)	(4.0, 0.9760579609727442)	(5.0, 0.7794907327212888)	(6.0, 0.6552240941715181)	(7.0, 0.49556029191363093)	(8.0, 0.42175343992649444)	(9.0, 0.4134689973565097)	('>10', 6.172662845781336)	('>50', 2.8257480475075125)	('>100', 12.58708078837768)	('>500', 9.581334397758681)	('>1k', 39.28859232258113)	('>5k', 0.0)	('>10k+', 16.255582584595455)
SRR32802225_2	(1.0, 12.328756806422703)	(2.0, 2.726334736667696)	(3.0, 1.8368868571084285)	(4.0, 1.2712853689212904)	(5.0, 1.046852288388977)	(6.0, 0.8314567815693747)	(7.0, 0.5535513899035239)	(8.0, 0.5000790787699863)	(9.0, 0.3999126367874438)	('>10', 6.286385648332944)	('>50', 3.402646502835539)	('>100', 17.04637028445763)	('>500', 15.756256636968194)	('>1k', 32.21744402352782)	('>5k', 3.7957809593384497)	('>10k+', 0.0)
SRR32802226_1	(1.0, 7.047799859141992)	(2.0, 2.4693021404293107)	(3.0, 1.4845209296628594)	(4.0, 0.9700829837400863)	(5.0, 0.747159873840218)	(6.0, 0.7018403405089261)	(7.0, 0.6001776035765686)	(8.0, 0.44584621979973665)	(9.0, 0.4685059864653826)	('>10', 6.36923171142481)	('>50', 3.947086382705086)	('>100', 13.98781272009064)	('>500', 10.149738187831094)	('>1k', 28.870380010411246)	('>5k', 21.74051505037205)	('>10k+', 0.0)
SRR32802226_2	(1.0, 12.59086872645987)	(2.0, 3.0413081422053465)	(3.0, 1.79869553235141)	(4.0, 1.0215267783323636)	(5.0, 0.9523226260832287)	(6.0, 0.8304498269896194)	(7.0, 0.5958906206938788)	(8.0, 0.5291361729491381)	(9.0, 0.3913402945769666)	('>10', 5.6955629727164165)	('>50', 4.085494687203356)	('>100', 21.9291422972104)	('>500', 14.6755672596993)	('>1k', 31.862694062528707)	('>5k', 0.0)	('>10k+', 0.0)
SRR32802227_1	(1.0, 6.867416562895573)	(2.0, 2.603711060111764)	(3.0, 1.571488849324373)	(4.0, 0.9468040218588233)	(5.0, 0.6946659942985931)	(6.0, 0.6298305014973912)	(7.0, 0.4898681678313042)	(8.0, 0.4775185501548848)	(9.0, 0.41679959657915594)	('>10', 6.419742922125369)	('>50', 5.05613930368739)	('>100', 16.29737879364818)	('>500', 8.973026376725088)	('>1k', 31.642807891405695)	('>5k', 16.912801407856414)	('>10k+', 0.0)
SRR32802227_2	(1.0, 13.4703454805545)	(2.0, 3.175910012452531)	(3.0, 1.935802570778746)	(4.0, 1.2349617676419435)	(5.0, 0.7821424528398975)	(6.0, 0.7533266782615855)	(7.0, 0.6771707025903323)	(8.0, 0.46105239325299224)	(9.0, 0.4260618098364705)	('>10', 8.256748551492759)	('>50', 4.994391215305293)	('>100', 22.799452500283014)	('>500', 14.380100649384062)	('>1k', 26.652533215325874)	('>5k', 0.0)	('>10k+', 0.0)
SRR32802228_1	(1.0, 7.169282912585826)	(2.0, 2.927861626713555)	(3.0, 1.9190223488133409)	(4.0, 1.3175377320210997)	(5.0, 0.9507594141094289)	(6.0, 0.9213216749277979)	(7.0, 0.6850241469022746)	(8.0, 0.5282880761244023)	(9.0, 0.5370398364216439)	('>10', 8.782789265568187)	('>50', 5.8040083062161365)	('>100', 23.153975288211377)	('>500', 12.745745451073681)	('>1k', 32.55734392031124)	('>5k', 0.0)	('>10k+', 0.0)
SRR32802228_2	(1.0, 10.98425478761069)	(2.0, 2.9819634176419574)	(3.0, 1.3963035746962742)	(4.0, 0.8433514468251)	(5.0, 0.6444478037059727)	(6.0, 0.420084494267597)	(7.0, 0.41212834854283187)	(8.0, 0.34370549530985206)	(9.0, 0.3365449641575635)	('>10', 6.3243402366157735)	('>50', 5.165925419089977)	('>100', 41.5310806832738)	('>500', 19.2514858102141)	('>1k', 9.364383518048516)	('>5k', 0.0)	('>10k+', 0.0)
SRR32802229_1	(1.0, 5.677361132001249)	(2.0, 2.6923210422186483)	(3.0, 1.5428492091957746)	(4.0, 1.0875727458897848)	(5.0, 0.9834434404322523)	(6.0, 0.7740278372343257)	(7.0, 0.6560146243824554)	(8.0, 0.5183325427219401)	(9.0, 0.5310594578334162)	('>10', 8.793141349747197)	('>50', 3.760803415441219)	('>100', 15.407087734724808)	('>500', 15.955502076801148)	('>1k', 38.58106466429869)	('>5k', 3.0394187270770905)	('>10k+', 0.0)
SRR32802229_2	(1.0, 11.220511159190568)	(2.0, 2.813805231919103)	(3.0, 1.612268746167463)	(4.0, 0.9441057028149622)	(5.0, 0.6681630433525009)	(6.0, 0.5484143420763383)	(7.0, 0.5142830697319248)	(8.0, 0.3378417465955502)	(9.0, 0.31238791637259783)	('>10', 5.71669886961854)	('>50', 4.033275098055096)	('>100', 31.27234441346276)	('>500', 14.036630375675394)	('>1k', 25.969270284967198)	('>5k', 0.0)	('>10k+', 0.0)
SRR32802230_1	(1.0, 6.116922778024006)	(2.0, 2.377555295160497)	(3.0, 1.4316331424893902)	(4.0, 0.9568506499420183)	(5.0, 0.7832089710819821)	(6.0, 0.6921381604910538)	(7.0, 0.624745760653767)	(8.0, 0.4419970007346378)	(9.0, 0.5027108744619233)	('>10', 8.407657233754486)	('>50', 4.606968738426418)	('>100', 17.67684433569915)	('>500', 8.771333337380925)	('>1k', 29.51240688009617)	('>5k', 9.543006672454721)	('>10k+', 7.554020169148852)
SRR32802230_2	(1.0, 11.127031637999599)	(2.0, 2.3811981275841343)	(3.0, 1.3642407426521035)	(4.0, 0.9762790895347496)	(5.0, 0.7194594036683323)	(6.0, 0.5937816850528514)	(7.0, 0.5269964239528375)	(8.0, 0.49056809971646625)	(9.0, 0.44260413947191074)	('>10', 7.126594498108762)	('>50', 6.252314716435853)	('>100', 18.879586174236675)	('>500', 7.607448378028864)	('>1k', 34.950548549849124)	('>5k', 6.561348333707735)	('>10k+', 0.0)
SRR32802231_1	(1.0, 6.13594449396971)	(2.0, 2.2526920519024776)	(3.0, 1.4164225778607915)	(4.0, 1.0376722182130342)	(5.0, 0.782970855560744)	(6.0, 0.6537334974742115)	(7.0, 0.6009065481833661)	(8.0, 0.5433629069915524)	(9.0, 0.4584624527741224)	('>10', 7.82357685613618)	('>50', 3.5827991679755486)	('>100', 12.394522977364595)	('>500', 11.552593473041748)	('>1k', 37.303372906378385)	('>5k', 13.460967016173536)	('>10k+', 0.0)
SRR32802231_2	(1.0, 10.932820157254508)	(2.0, 2.4489064349827605)	(3.0, 1.429157645993406)	(4.0, 1.0338988646922593)	(5.0, 0.8466461962238164)	(6.0, 0.6254333460684014)	(7.0, 0.4490290689721857)	(8.0, 0.4603491295345097)	(9.0, 0.32686674873710575)	('>10', 5.027993566432247)	('>50', 2.9762325895110204)	('>100', 20.244984977336294)	('>500', 12.019074302047517)	('>1k', 38.614141585657485)	('>5k', 2.564465386556485)	('>10k+', 0.0)
SRR32802232_1	(1.0, 5.379482564314612)	(2.0, 2.022069256277414)	(3.0, 1.366964220562839)	(4.0, 0.8496906898872215)	(5.0, 0.5634876235416211)	(6.0, 0.5934862452265707)	(7.0, 0.550515246596778)	(8.0, 0.447547004597086)	(9.0, 0.445114683919928)	('>10', 7.631000737803939)	('>50', 5.004905180032269)	('>100', 8.556904142242114)	('>500', 7.059405378671791)	('>1k', 37.980687373823365)	('>5k', 21.54873965250245)	('>10k+', 0.0)
SRR32802232_2	(1.0, 10.788963750314174)	(2.0, 2.5669090879608234)	(3.0, 1.6710043052075987)	(4.0, 1.0994089460754506)	(5.0, 0.8432045014147997)	(6.0, 0.5983508865808869)	(7.0, 0.510787342203196)	(8.0, 0.40214368529013533)	(9.0, 0.30647240532191766)	('>10', 5.26110962469292)	('>50', 4.139809792523046)	('>100', 4.351421691435799)	('>500', 15.725763951386018)	('>1k', 51.73465002959323)	('>5k', 0.0)	('>10k+', 0.0)
SRR32802233_1	(1.0, 5.593377855583652)	(2.0, 2.243402710237956)	(3.0, 1.2821759709524736)	(4.0, 0.892606280663079)	(5.0, 0.7105189219563854)	(6.0, 0.6451403747649614)	(7.0, 0.605156800449545)	(8.0, 0.4711577946357172)	(9.0, 0.4765609803540167)	('>10', 7.744386090038686)	('>50', 3.4547969482807064)	('>100', 13.833776394562234)	('>500', 8.489485400592189)	('>1k', 31.200155611748688)	('>5k', 15.352611899976226)	('>10k+', 7.004689965203484)
SRR32802233_2	(1.0, 10.439495126326483)	(2.0, 2.1202100758607276)	(3.0, 1.2886597938144329)	(4.0, 0.9725734292939117)	(5.0, 0.7861635220125787)	(6.0, 0.6775594890747585)	(7.0, 0.5748989604270678)	(8.0, 0.5014156346581945)	(9.0, 0.39389223886403424)	('>10', 7.239188225377682)	('>50', 4.3711772461043035)	('>100', 13.707341848754027)	('>500', 9.194601136830276)	('>1k', 35.505954310661565)	('>5k', 12.22686896193996)	('>10k+', 0.0)
SRR32802234_1	(1.0, 7.466469757105429)	(2.0, 2.930923084569343)	(3.0, 1.8254368339214586)	(4.0, 1.1644171169316189)	(5.0, 1.0898660210305091)	(6.0, 0.9159134639279196)	(7.0, 0.6858700822902097)	(8.0, 0.6475295186839246)	(9.0, 0.543157984422371)	('>10', 8.619526707042594)	('>50', 3.9029273730323832)	('>100', 22.11611510689207)	('>500', 15.93831429322011)	('>1k', 32.153532656930054)	('>5k', 0.0)	('>10k+', 0.0)
SRR32802234_2	(1.0, 11.338156670903063)	(2.0, 2.9380231889408774)	(3.0, 1.546402732120162)	(4.0, 0.8946131508133168)	(5.0, 0.543157984422371)	(6.0, 0.451566638029579)	(7.0, 0.3777255525656227)	(8.0, 0.21584317289464156)	(9.0, 0.23004338163771007)	('>10', 5.361288810945521)	('>50', 8.321322323438155)	('>100', 34.26652371789865)	('>500', 23.271302088140697)	('>1k', 10.244030587249632)	('>5k', 0.0)	('>10k+', 0.0)
SRR32802235_1	(1.0, 4.896951407702068)	(2.0, 1.7694866431192346)	(3.0, 0.979904667192483)	(4.0, 0.6584136346490175)	(5.0, 0.42865471005795414)	(6.0, 0.36006995644868145)	(7.0, 0.2820547992181338)	(8.0, 0.28805596515894516)	(9.0, 0.19289461952607936)	('>10', 5.064126744624669)	('>50', 4.468296697644114)	('>100', 23.00332636055005)	('>500', 18.065224100682418)	('>1k', 39.54253969342615)	('>5k', 0.0)	('>10k+', 0.0)
SRR32802235_2	(1.0, 13.16055690819931)	(2.0, 2.3833201879222248)	(3.0, 1.0982133671684784)	(4.0, 0.6584136346490175)	(5.0, 0.47580672816432906)	(6.0, 0.38578923905215873)	(7.0, 0.34806762456705875)	(8.0, 0.36349919412914505)	(9.0, 0.24690511299338158)	('>10', 5.9711601111073005)	('>50', 6.806179486300196)	('>100', 36.29247968176674)	('>500', 21.19354617468537)	('>1k', 10.616062549295293)	('>5k', 0.0)	('>10k+', 0.0)
SRR32802236_1	(1.0, 6.8969661590234015)	(2.0, 2.6280697537329236)	(3.0, 1.6225125766186497)	(4.0, 1.1927041303962136)	(5.0, 0.8413028175059665)	(6.0, 0.6902116992599969)	(7.0, 0.5688809527897487)	(8.0, 0.49448002335044555)	(9.0, 0.4687258554676098)	('>10', 6.047650933731664)	('>50', 2.8798882841428726)	('>100', 17.894568159836087)	('>500', 14.776024586645606)	('>1k', 40.00766901888066)	('>5k', 2.990345048618146)	('>10k+', 0.0)
SRR32802236_2	(1.0, 15.11082876912247)	(2.0, 3.3995501605343135)	(3.0, 2.019126762014319)	(4.0, 1.2888530238254667)	(5.0, 0.8928111532716378)	(6.0, 0.6352694744432807)	(7.0, 0.5728871566826342)	(8.0, 0.3571244613086551)	(9.0, 0.329653348900297)	('>10', 5.8702333327610186)	('>50', 6.705813001848577)	('>100', 27.7687161261153)	('>500', 23.855227237607952)	('>1k', 11.19390599156408)	('>5k', 0.0)	('>10k+', 0.0)
SRR32802237_1	(1.0, 5.601794002142093)	(2.0, 2.5504284184219923)	(3.0, 1.4944439485897894)	(4.0, 1.1201356658336308)	(5.0, 0.9120626561942162)	(6.0, 0.7664673330953231)	(7.0, 0.6208720099964298)	(8.0, 0.6069260978222063)	(9.0, 0.49201178150660474)	('>10', 8.168957515173153)	('>50', 4.27693234559086)	('>100', 15.393497857907889)	('>500', 12.977508032845412)	('>1k', 38.1303552302749)	('>5k', 6.887607104605498)	('>10k+', 0.0)
SRR32802237_2	(1.0, 9.542908782577651)	(2.0, 2.7545965726526243)	(3.0, 1.5496697607997145)	(4.0, 0.914851838629061)	(5.0, 0.7084523384505534)	(6.0, 0.4819707247411638)	(7.0, 0.43343895037486607)	(8.0, 0.2409853623705819)	(9.0, 0.26106747590146373)	('>10', 4.197719564441272)	('>50', 3.3509237772224205)	('>100', 28.61868529096751)	('>500', 27.00988486254909)	('>1k', 19.934844698322028)	('>5k', 0.0)	('>10k+', 0.0)
SRR32802238_1	(1.0, 6.0193576544889735)	(2.0, 2.921619470616929)	(3.0, 1.6466842956535135)	(4.0, 1.226155939513748)	(5.0, 0.8805935662755769)	(6.0, 0.7825216297399298)	(7.0, 0.6325896639367411)	(8.0, 0.6038355883032528)	(9.0, 0.5961336037585685)	('>10', 8.750481374034043)	('>50', 5.067392364765988)	('>100', 20.734255859926574)	('>500', 14.410926548740727)	('>1k', 32.33241765294858)	('>5k', 3.39503478729686)	('>10k+', 0.0)
SRR32802238_2	(1.0, 10.492670278041642)	(2.0, 2.9257271957074273)	(3.0, 1.4911042078508896)	(4.0, 0.9529922209956099)	(5.0, 0.6443993735719237)	(6.0, 0.3820184334163436)	(7.0, 0.36302020487278885)	(8.0, 0.36147980796385204)	(9.0, 0.3373469230571744)	('>10', 5.889450848501964)	('>50', 5.552103925444789)	('>100', 38.73790146594439)	('>500', 22.743960360452878)	('>1k', 9.125824754178327)	('>5k', 0.0)	('>10k+', 0.0)
SRR32802239_1	(1.0, 5.798035025976202)	(2.0, 2.4352689793866267)	(3.0, 1.51929361488185)	(4.0, 1.0390480978716274)	(5.0, 0.8091377576671696)	(6.0, 0.7604323780794369)	(7.0, 0.5132394838277191)	(8.0, 0.47762694821518353)	(9.0, 0.5231900452488687)	('>10', 8.125942684766214)	('>50', 3.9362326127032006)	('>100', 14.35970755823697)	('>500', 9.449367353779119)	('>1k', 32.676596279537456)	('>5k', 17.576881179822358)	('>10k+', 0.0)
SRR32802239_2	(1.0, 10.284690799396682)	(2.0, 2.624853360147478)	(3.0, 1.4784439416792357)	(4.0, 0.9678230266465561)	(5.0, 0.7148692810457516)	(6.0, 0.5404725992961287)	(7.0, 0.4802455170102229)	(8.0, 0.3854533266297972)	(9.0, 0.26395173453996984)	('>10', 4.744322942852355)	('>50', 3.8142073068543656)	('>100', 20.881514999162057)	('>500', 21.222452656276186)	('>1k', 31.596698508463216)	('>5k', 0.0)	('>10k+', 0.0)
SRR32802240_1	(1.0, 5.730729024634124)	(2.0, 2.4293246068539225)	(3.0, 1.4010089991818926)	(4.0, 1.152167984728661)	(5.0, 0.8181074447777474)	(6.0, 0.6885737660212707)	(7.0, 0.6084674120534497)	(8.0, 0.5726752113444232)	(9.0, 0.460185437687483)	('>10', 8.254931369875466)	('>50', 4.376874829560949)	('>100', 13.618080174529586)	('>500', 10.085446777565677)	('>1k', 34.13894191437142)	('>5k', 15.664485046813926)	('>10k+', 0.0)
SRR32802240_2	(1.0, 9.616739387328424)	(2.0, 2.5531769839105536)	(3.0, 1.5220207253886011)	(4.0, 0.9953640578129261)	(5.0, 0.7215253158803745)	(6.0, 0.6613035178620126)	(7.0, 0.44143714207799295)	(8.0, 0.4090537223888737)	(9.0, 0.327242977911099)	('>10', 5.531883465139533)	('>50', 4.021793473320607)	('>100', 20.924802290700846)	('>500', 15.148054722297974)	('>1k', 37.12560221798019)	('>5k', 0.0)	('>10k+', 0.0)
SRR32802241_1	(1.0, 6.380878581575986)	(2.0, 2.3643475212634453)	(3.0, 1.4999723252338517)	(4.0, 1.127285474437741)	(5.0, 0.7979557572738512)	(6.0, 0.6974041069352964)	(7.0, 0.6425158207413147)	(8.0, 0.5313555100459402)	(9.0, 0.4068190623789229)	('>10', 6.908082876699692)	('>50', 4.121233925573329)	('>100', 15.440213280197781)	('>500', 11.438442095164296)	('>1k', 29.732846257449125)	('>5k', 17.91064740502943)	('>10k+', 0.0)
SRR32802241_2	(1.0, 11.684747513883508)	(2.0, 2.659545026844523)	(3.0, 1.5663917639895941)	(4.0, 1.0018265345657829)	(5.0, 0.661888157045073)	(6.0, 0.5507278463496984)	(7.0, 0.32932971716389)	(8.0, 0.3284072249589491)	(9.0, 0.22416560580063097)	('>10', 4.833859153890149)	('>50', 3.203354181657165)	('>100', 21.914263574472795)	('>500', 20.075275363923176)	('>1k', 30.966218335455064)	('>5k', 0.0)	('>10k+', 0.0)
SRR32802242_1	(1.0, 6.563893034285245)	(2.0, 2.491101484132389)	(3.0, 1.5401556093249684)	(4.0, 1.0895550500586795)	(5.0, 0.8403483098856835)	(6.0, 0.7360292093481504)	(7.0, 0.598385951694461)	(8.0, 0.4597767764432016)	(9.0, 0.4303162897173242)	('>10', 7.579072429331053)	('>50', 3.7453454845767107)	('>100', 16.940745784977086)	('>500', 13.1306838213632)	('>1k', 34.63490729605858)	('>5k', 9.219683468803277)	('>10k+', 0.0)
SRR32802242_2	(1.0, 13.073211724307798)	(2.0, 2.831104478476941)	(3.0, 1.6111505527463452)	(4.0, 1.0663730277170054)	(5.0, 0.7365121681469353)	(6.0, 0.536084266651212)	(7.0, 0.392162544613319)	(8.0, 0.41727640215013256)	(9.0, 0.22602471783132183)	('>10', 4.965782369106091)	('>50', 2.992895676069874)	('>100', 27.177057525222526)	('>500', 17.37637462148104)	('>1k', 26.59798992547946)	('>5k', 0.0)	('>10k+', 0.0)
SRR32802243_1	(1.0, 5.586809233111039)	(2.0, 2.336485903911352)	(3.0, 1.355587607576814)	(4.0, 0.8622111991654647)	(5.0, 0.755765372108)	(6.0, 0.7121225830144393)	(7.0, 0.6109990473098478)	(8.0, 0.45558813980594925)	(9.0, 0.5269068439344506)	('>10', 7.040859230716008)	('>50', 3.5595484568016222)	('>100', 14.609157534501755)	('>500', 10.3119394961919)	('>1k', 36.03936366684585)	('>5k', 9.735535342675728)	('>10k+', 5.50112034232978)
SRR32802243_2	(1.0, 12.009750437758465)	(2.0, 2.9826120741501634)	(3.0, 1.7132455864898957)	(4.0, 1.1325835998914253)	(5.0, 0.803665994283859)	(6.0, 0.5939677149806535)	(7.0, 0.4209932460122732)	(8.0, 0.4087519759006648)	(9.0, 0.30656398192549855)	('>10', 5.029565328465211)	('>50', 2.2396202012890587)	('>100', 20.71329348711207)	('>500', 26.33895544709908)	('>1k', 25.306430924641678)	('>5k', 0.0)	('>10k+', 0.0)
SRR32802244_1	(1.0, 5.9429409183815425)	(2.0, 2.3596263122411636)	(3.0, 1.417380975312209)	(4.0, 1.038021552323777)	(5.0, 0.9069312016437125)	(6.0, 0.6131818035892003)	(7.0, 0.5842884201740024)	(8.0, 0.5093796483568226)	(9.0, 0.5008186458634306)	('>10', 7.242073046753775)	('>50', 3.7898487912934606)	('>100', 15.449399124637495)	('>500', 14.831401757145763)	('>1k', 34.83150876967693)	('>5k', 9.983199032606718)	('>10k+', 0.0)
SRR32802244_2	(1.0, 11.561633867325865)	(2.0, 2.790886812845784)	(3.0, 1.5891360878358856)	(4.0, 0.9780945348700334)	(5.0, 0.6501011268419532)	(6.0, 0.5425535330187164)	(7.0, 0.4232345607670658)	(8.0, 0.2953545860220232)	(9.0, 0.3226427814697101)	('>10', 5.05206159641294)	('>50', 3.5383693430500713)	('>100', 24.781961967746426)	('>500', 24.97137414791272)	('>1k', 22.502595053880807)	('>5k', 0.0)	('>10k+', 0.0)
SRR32802245_1	(1.0, 5.208092801034481)	(2.0, 2.3208655384214922)	(3.0, 1.322490312233665)	(4.0, 1.0160084303509427)	(5.0, 0.8144860970581937)	(6.0, 0.6599856415337528)	(7.0, 0.5730791353012549)	(8.0, 0.5743386498843346)	(9.0, 0.4836535999025975)	('>10', 7.678000898453736)	('>50', 3.39607115417718)	('>100', 14.89292026852851)	('>500', 10.313745082645148)	('>1k', 35.34197920121585)	('>5k', 15.40428318925886)	('>10k+', 0.0)
SRR32802245_2	(1.0, 9.846045334128227)	(2.0, 2.693681855013078)	(3.0, 1.4988223538648204)	(4.0, 0.9824213748021513)	(5.0, 0.6843362568066267)	(6.0, 0.5592244748873784)	(7.0, 0.41438029783321506)	(8.0, 0.37617502214646475)	(9.0, 0.2720551499452111)	('>10', 3.938502101290163)	('>50', 2.762115480693741)	('>100', 24.264128604835697)	('>500', 20.26223093619719)	('>1k', 31.44588075755604)	('>5k', 0.0)	('>10k+', 0.0)
SRR32802246_1	(1.0, 4.478287156634351)	(2.0, 1.9025955631471465)	(3.0, 1.2417607042140377)	(4.0, 0.850671616233791)	(5.0, 0.6194005555579044)	(6.0, 0.6113673742912831)	(7.0, 0.4912924543059966)	(8.0, 0.4464757588185304)	(9.0, 0.4604281262816095)	('>10', 7.316536937835862)	('>50', 3.559967698155328)	('>100', 9.355273783501538)	('>500', 8.414123178264749)	('>1k', 30.77300343735598)	('>5k', 13.445431445253869)	('>10k+', 16.03338421014802)
SRR32802246_2	(1.0, 8.574786803597174)	(2.0, 2.2129300394471483)	(3.0, 1.3191329237820217)	(4.0, 0.9301578308719385)	(5.0, 0.7187583238555888)	(6.0, 0.5251163754286126)	(7.0, 0.3699491372786119)	(8.0, 0.44309336670626887)	(9.0, 0.36149315699795787)	('>10', 4.768327280260783)	('>50', 1.826068941607228)	('>100', 11.755503786165171)	('>500', 10.980935992457265)	('>1k', 55.21374604154423)	('>5k', 0.0)	('>10k+', 0.0)
