Sample	0	1	2	3	4	5	6	7	8	9	10	11	12	13	14	15	16	17	18	19	20	21	22	23	24	25	26	27
SRR32802187_1	(30, 8.0)	(40, 1.0)	(50, 0.0)	(60, 0.0)	(70, 5.0)	(80, 0.0)	(90, 1.0)	(100, 1.0)	(110, 0.0)	(120, 2.0)	(130, 3.0)	(140, 12.0)	(150, 1.0)	(160, 48.0)	(170, 10.0)	(180, 151.0)	(190, 40.0)	(200, 144.0)	(210, 4.0)	(220, 83.0)	(230, 12.0)	(240, 3.0)	(250, 4.0)	(260, 5.0)	(270, 21.0)	(280, 41.0)	(290, 13362.0)	(300, 195654.0)
SRR32802187_2	(30, 6.0)	(40, 1.0)	(50, 0.0)	(60, 0.0)	(70, 4.0)	(80, 0.0)	(90, 2.0)	(100, 1.0)	(110, 0.0)	(120, 1.0)	(130, 1.0)	(140, 9.0)	(150, 0.0)	(160, 32.0)	(170, 6.0)	(180, 108.0)	(190, 32.0)	(200, 108.0)	(210, 1.0)	(220, 24.0)	(230, 7.0)	(240, 0.0)	(250, 2.0)	(260, 3.0)	(270, 1.0)	(280, 7.0)	(290, 2854.0)	(300, 206406.0)
SRR32802188_1	(301, 139440.0)																											
SRR32802188_2	(301, 139440.0)																											
SRR32802189_1	(301, 117619.0)																											
SRR32802189_2	(301, 117619.0)																											
SRR32802190_1	(301, 155346.0)																											
SRR32802190_2	(301, 155346.0)																											
SRR32802191_1	(30, 10.0)	(40, 0.0)	(50, 0.0)	(60, 0.0)	(70, 0.0)	(80, 0.0)	(90, 0.0)	(100, 0.0)	(110, 1.0)	(120, 2.0)	(130, 0.0)	(140, 5.0)	(150, 1.0)	(160, 38.0)	(170, 3.0)	(180, 47.0)	(190, 12.0)	(200, 33.0)	(210, 7.0)	(220, 13.0)	(230, 8.0)	(240, 6.0)	(250, 8.0)	(260, 9.0)	(270, 12.0)	(280, 4.0)	(290, 9806.0)	(300, 170517.0)
SRR32802191_2	(30, 9.0)	(40, 0.0)	(50, 0.0)	(60, 0.0)	(70, 0.0)	(80, 0.0)	(90, 0.0)	(100, 0.0)	(110, 1.0)	(120, 0.0)	(130, 0.0)	(140, 5.0)	(150, 1.0)	(160, 30.0)	(170, 0.0)	(180, 35.0)	(190, 11.0)	(200, 22.0)	(210, 5.0)	(220, 4.0)	(230, 4.0)	(240, 1.0)	(250, 4.0)	(260, 2.0)	(270, 3.0)	(280, 2.0)	(290, 2688.0)	(300, 177715.0)
SRR32802192_1	(30, 7.0)	(40, 0.0)	(50, 0.0)	(60, 0.0)	(70, 0.0)	(80, 0.0)	(90, 0.0)	(100, 0.0)	(110, 0.0)	(120, 0.0)	(130, 3.0)	(140, 4.0)	(150, 0.0)	(160, 53.0)	(170, 3.0)	(180, 58.0)	(190, 18.0)	(200, 56.0)	(210, 8.0)	(220, 34.0)	(230, 14.0)	(240, 4.0)	(250, 6.0)	(260, 15.0)	(270, 14.0)	(280, 21.0)	(290, 4923.0)	(300, 197657.0)
SRR32802192_2	(30, 7.0)	(40, 0.0)	(50, 0.0)	(60, 0.0)	(70, 0.0)	(80, 0.0)	(90, 0.0)	(100, 0.0)	(110, 0.0)	(120, 0.0)	(130, 2.0)	(140, 3.0)	(150, 0.0)	(160, 49.0)	(170, 3.0)	(180, 38.0)	(190, 11.0)	(200, 41.0)	(210, 8.0)	(220, 20.0)	(230, 6.0)	(240, 2.0)	(250, 4.0)	(260, 4.0)	(270, 4.0)	(280, 4.0)	(290, 2674.0)	(300, 200018.0)
SRR32802193_1	(30, 7.0)	(40, 0.0)	(50, 1.0)	(60, 0.0)	(70, 1.0)	(80, 1.0)	(90, 0.0)	(100, 0.0)	(110, 0.0)	(120, 0.0)	(130, 1.0)	(140, 7.0)	(150, 0.0)	(160, 24.0)	(170, 3.0)	(180, 18.0)	(190, 7.0)	(200, 23.0)	(210, 2.0)	(220, 17.0)	(230, 5.0)	(240, 3.0)	(250, 8.0)	(260, 5.0)	(270, 6.0)	(280, 7.0)	(290, 13759.0)	(300, 168250.0)
SRR32802193_2	(30, 9.0)	(40, 0.0)	(50, 1.0)	(60, 0.0)	(70, 1.0)	(80, 0.0)	(90, 0.0)	(100, 0.0)	(110, 0.0)	(120, 1.0)	(130, 1.0)	(140, 6.0)	(150, 0.0)	(160, 19.0)	(170, 2.0)	(180, 12.0)	(190, 5.0)	(200, 15.0)	(210, 1.0)	(220, 9.0)	(230, 4.0)	(240, 1.0)	(250, 3.0)	(260, 2.0)	(270, 0.0)	(280, 2.0)	(290, 3387.0)	(300, 178674.0)
SRR32802194_1	(30, 13.0)	(40, 0.0)	(50, 0.0)	(60, 0.0)	(70, 0.0)	(80, 0.0)	(90, 1.0)	(100, 0.0)	(110, 0.0)	(120, 3.0)	(130, 3.0)	(140, 15.0)	(150, 2.0)	(160, 22.0)	(170, 4.0)	(180, 55.0)	(190, 25.0)	(200, 38.0)	(210, 8.0)	(220, 45.0)	(230, 12.0)	(240, 6.0)	(250, 9.0)	(260, 16.0)	(270, 6.0)	(280, 15.0)	(290, 14437.0)	(300, 191465.0)
SRR32802194_2	(30, 15.0)	(40, 0.0)	(50, 0.0)	(60, 0.0)	(70, 0.0)	(80, 0.0)	(90, 1.0)	(100, 0.0)	(110, 0.0)	(120, 1.0)	(130, 3.0)	(140, 13.0)	(150, 2.0)	(160, 13.0)	(170, 4.0)	(180, 41.0)	(190, 21.0)	(200, 29.0)	(210, 4.0)	(220, 21.0)	(230, 7.0)	(240, 2.0)	(250, 4.0)	(260, 7.0)	(270, 1.0)	(280, 5.0)	(290, 2876.0)	(300, 203130.0)
SRR32802195_1	(30, 18.0)	(40, 0.0)	(50, 0.0)	(60, 0.0)	(70, 0.0)	(80, 1.0)	(90, 2.0)	(100, 1.0)	(110, 0.0)	(120, 2.0)	(130, 3.0)	(140, 6.0)	(150, 2.0)	(160, 4.0)	(170, 2.0)	(180, 6.0)	(190, 4.0)	(200, 2.0)	(210, 2.0)	(220, 28.0)	(230, 6.0)	(240, 2.0)	(250, 5.0)	(260, 4.0)	(270, 16.0)	(280, 13.0)	(290, 3399.0)	(300, 221026.0)
SRR32802195_2	(30, 19.0)	(40, 0.0)	(50, 0.0)	(60, 0.0)	(70, 0.0)	(80, 1.0)	(90, 2.0)	(100, 1.0)	(110, 0.0)	(120, 2.0)	(130, 3.0)	(140, 5.0)	(150, 2.0)	(160, 4.0)	(170, 1.0)	(180, 2.0)	(190, 2.0)	(200, 1.0)	(210, 0.0)	(220, 9.0)	(230, 4.0)	(240, 0.0)	(250, 0.0)	(260, 0.0)	(270, 3.0)	(280, 5.0)	(290, 4178.0)	(300, 220310.0)
SRR32802196_1	(30, 10.0)	(40, 1.0)	(50, 0.0)	(60, 0.0)	(70, 3.0)	(80, 0.0)	(90, 2.0)	(100, 0.0)	(110, 1.0)	(120, 1.0)	(130, 1.0)	(140, 11.0)	(150, 2.0)	(160, 18.0)	(170, 1.0)	(180, 30.0)	(190, 12.0)	(200, 26.0)	(210, 5.0)	(220, 97.0)	(230, 4.0)	(240, 4.0)	(250, 2.0)	(260, 5.0)	(270, 17.0)	(280, 11.0)	(290, 12812.0)	(300, 162644.0)
SRR32802196_2	(30, 9.0)	(40, 1.0)	(50, 0.0)	(60, 0.0)	(70, 3.0)	(80, 1.0)	(90, 2.0)	(100, 0.0)	(110, 1.0)	(120, 1.0)	(130, 0.0)	(140, 10.0)	(150, 2.0)	(160, 12.0)	(170, 2.0)	(180, 21.0)	(190, 8.0)	(200, 22.0)	(210, 0.0)	(220, 39.0)	(230, 2.0)	(240, 2.0)	(250, 1.0)	(260, 2.0)	(270, 1.0)	(280, 2.0)	(290, 2440.0)	(300, 173136.0)
SRR32802197_1	(30, 14.0)	(40, 0.0)	(50, 0.0)	(60, 1.0)	(70, 0.0)	(80, 1.0)	(90, 1.0)	(100, 1.0)	(110, 0.0)	(120, 2.0)	(130, 1.0)	(140, 5.0)	(150, 2.0)	(160, 6.0)	(170, 1.0)	(180, 4.0)	(190, 3.0)	(200, 6.0)	(210, 4.0)	(220, 16.0)	(230, 7.0)	(240, 5.0)	(250, 2.0)	(260, 2.0)	(270, 12.0)	(280, 21.0)	(290, 2882.0)	(300, 145499.0)
SRR32802197_2	(30, 10.0)	(40, 0.0)	(50, 0.0)	(60, 0.0)	(70, 0.0)	(80, 0.0)	(90, 1.0)	(100, 0.0)	(110, 0.0)	(120, 1.0)	(130, 0.0)	(140, 2.0)	(150, 2.0)	(160, 7.0)	(170, 1.0)	(180, 3.0)	(190, 3.0)	(200, 5.0)	(210, 4.0)	(220, 6.0)	(230, 1.0)	(240, 2.0)	(250, 2.0)	(260, 2.0)	(270, 4.0)	(280, 4.0)	(290, 2320.0)	(300, 146118.0)
SRR32802198_1	(30, 18.0)	(40, 0.0)	(50, 0.0)	(60, 0.0)	(70, 1.0)	(80, 2.0)	(90, 1.0)	(100, 0.0)	(110, 0.0)	(120, 2.0)	(130, 0.0)	(140, 9.0)	(150, 1.0)	(160, 24.0)	(170, 3.0)	(180, 30.0)	(190, 3.0)	(200, 15.0)	(210, 5.0)	(220, 37.0)	(230, 8.0)	(240, 5.0)	(250, 10.0)	(260, 7.0)	(270, 13.0)	(280, 22.0)	(290, 10880.0)	(300, 189518.0)
SRR32802198_2	(30, 15.0)	(40, 0.0)	(50, 0.0)	(60, 0.0)	(70, 1.0)	(80, 2.0)	(90, 2.0)	(100, 0.0)	(110, 0.0)	(120, 1.0)	(130, 0.0)	(140, 9.0)	(150, 1.0)	(160, 18.0)	(170, 3.0)	(180, 26.0)	(190, 3.0)	(200, 15.0)	(210, 1.0)	(220, 12.0)	(230, 6.0)	(240, 1.0)	(250, 5.0)	(260, 1.0)	(270, 0.0)	(280, 9.0)	(290, 3889.0)	(300, 196594.0)
SRR32802199_1	(30, 19.0)	(40, 0.0)	(50, 0.0)	(60, 0.0)	(70, 0.0)	(80, 1.0)	(90, 0.0)	(100, 0.0)	(110, 2.0)	(120, 1.0)	(130, 2.0)	(140, 8.0)	(150, 1.0)	(160, 34.0)	(170, 1.0)	(180, 24.0)	(190, 4.0)	(200, 28.0)	(210, 15.0)	(220, 40.0)	(230, 3.0)	(240, 5.0)	(250, 13.0)	(260, 10.0)	(270, 8.0)	(280, 9.0)	(290, 13638.0)	(300, 164230.0)
SRR32802199_2	(30, 18.0)	(40, 0.0)	(50, 0.0)	(60, 0.0)	(70, 0.0)	(80, 1.0)	(90, 0.0)	(100, 0.0)	(110, 2.0)	(120, 0.0)	(130, 2.0)	(140, 8.0)	(150, 1.0)	(160, 27.0)	(170, 1.0)	(180, 17.0)	(190, 4.0)	(200, 21.0)	(210, 5.0)	(220, 10.0)	(230, 1.0)	(240, 3.0)	(250, 7.0)	(260, 2.0)	(270, 1.0)	(280, 0.0)	(290, 2466.0)	(300, 175499.0)
SRR32802200_1	(30, 8.0)	(40, 0.0)	(50, 0.0)	(60, 0.0)	(70, 0.0)	(80, 0.0)	(90, 1.0)	(100, 0.0)	(110, 0.0)	(120, 1.0)	(130, 2.0)	(140, 4.0)	(150, 1.0)	(160, 17.0)	(170, 1.0)	(180, 17.0)	(190, 0.0)	(200, 7.0)	(210, 4.0)	(220, 17.0)	(230, 11.0)	(240, 0.0)	(250, 6.0)	(260, 6.0)	(270, 8.0)	(280, 9.0)	(290, 11511.0)	(300, 171056.0)
SRR32802200_2	(30, 7.0)	(40, 0.0)	(50, 0.0)	(60, 0.0)	(70, 0.0)	(80, 0.0)	(90, 1.0)	(100, 0.0)	(110, 0.0)	(120, 1.0)	(130, 3.0)	(140, 4.0)	(150, 1.0)	(160, 16.0)	(170, 1.0)	(180, 13.0)	(190, 0.0)	(200, 4.0)	(210, 3.0)	(220, 4.0)	(230, 7.0)	(240, 0.0)	(250, 0.0)	(260, 1.0)	(270, 1.0)	(280, 0.0)	(290, 2262.0)	(300, 180358.0)
SRR32802201_1	(301, 95681.0)																											
SRR32802201_2	(301, 95681.0)																											
SRR32802202_1	(301, 97863.0)																											
SRR32802202_2	(301, 97863.0)																											
SRR32802203_1	(301, 110792.0)																											
SRR32802203_2	(301, 110792.0)																											
SRR32802204_1	(301, 153205.0)																											
SRR32802204_2	(301, 153205.0)																											
SRR32802205_1	(301, 118983.0)																											
SRR32802205_2	(301, 118983.0)																											
SRR32802206_1	(301, 117871.0)																											
SRR32802206_2	(301, 117871.0)																											
SRR32802207_1	(301, 131508.0)																											
SRR32802207_2	(301, 131508.0)																											
SRR32802208_1	(301, 214223.0)																											
SRR32802208_2	(301, 214223.0)																											
SRR32802209_1	(301, 214968.0)																											
SRR32802209_2	(301, 214968.0)																											
SRR32802210_1	(301, 199865.0)																											
SRR32802210_2	(301, 199865.0)																											
SRR32802211_1	(301, 161390.0)																											
SRR32802211_2	(301, 161390.0)																											
SRR32802212_1	(301, 165908.0)																											
SRR32802212_2	(301, 165908.0)																											
SRR32802213_1	(30, 6.0)	(40, 0.0)	(50, 0.0)	(60, 0.0)	(70, 0.0)	(80, 0.0)	(90, 0.0)	(100, 0.0)	(110, 0.0)	(120, 1.0)	(130, 0.0)	(140, 2.0)	(150, 0.0)	(160, 4.0)	(170, 0.0)	(180, 1.0)	(190, 2.0)	(200, 2.0)	(210, 2.0)	(220, 5.0)	(230, 0.0)	(240, 2.0)	(250, 2.0)	(260, 1.0)	(270, 1.0)	(280, 8.0)	(290, 15012.0)	(300, 171642.0)
SRR32802213_2	(30, 5.0)	(40, 0.0)	(50, 0.0)	(60, 0.0)	(70, 0.0)	(80, 0.0)	(90, 0.0)	(100, 0.0)	(110, 1.0)	(120, 1.0)	(130, 0.0)	(140, 2.0)	(150, 0.0)	(160, 4.0)	(170, 0.0)	(180, 1.0)	(190, 2.0)	(200, 2.0)	(210, 2.0)	(220, 2.0)	(230, 1.0)	(240, 0.0)	(250, 0.0)	(260, 0.0)	(270, 0.0)	(280, 4.0)	(290, 3099.0)	(300, 183567.0)
SRR32802214_1	(30, 6.0)	(40, 0.0)	(50, 0.0)	(60, 0.0)	(70, 2.0)	(80, 0.0)	(90, 0.0)	(100, 0.0)	(110, 0.0)	(120, 0.0)	(130, 0.0)	(140, 0.0)	(150, 0.0)	(160, 4.0)	(170, 0.0)	(180, 0.0)	(190, 0.0)	(200, 0.0)	(210, 0.0)	(220, 1.0)	(230, 0.0)	(240, 2.0)	(250, 8.0)	(260, 1.0)	(270, 2.0)	(280, 3.0)	(290, 12891.0)	(300, 136559.0)
SRR32802214_2	(30, 6.0)	(40, 0.0)	(50, 0.0)	(60, 0.0)	(70, 2.0)	(80, 0.0)	(90, 0.0)	(100, 0.0)	(110, 0.0)	(120, 0.0)	(130, 0.0)	(140, 0.0)	(150, 0.0)	(160, 3.0)	(170, 0.0)	(180, 0.0)	(190, 0.0)	(200, 0.0)	(210, 1.0)	(220, 0.0)	(230, 0.0)	(240, 0.0)	(250, 3.0)	(260, 1.0)	(270, 0.0)	(280, 1.0)	(290, 2261.0)	(300, 147201.0)
SRR32802215_1	(30, 9.0)	(40, 0.0)	(50, 0.0)	(60, 0.0)	(70, 1.0)	(80, 1.0)	(90, 1.0)	(100, 0.0)	(110, 0.0)	(120, 0.0)	(130, 1.0)	(140, 4.0)	(150, 0.0)	(160, 8.0)	(170, 0.0)	(180, 15.0)	(190, 5.0)	(200, 10.0)	(210, 1.0)	(220, 8.0)	(230, 7.0)	(240, 3.0)	(250, 2.0)	(260, 7.0)	(270, 4.0)	(280, 8.0)	(290, 9849.0)	(300, 137964.0)
SRR32802215_2	(30, 8.0)	(40, 0.0)	(50, 0.0)	(60, 0.0)	(70, 1.0)	(80, 1.0)	(90, 1.0)	(100, 0.0)	(110, 0.0)	(120, 0.0)	(130, 1.0)	(140, 2.0)	(150, 0.0)	(160, 5.0)	(170, 0.0)	(180, 11.0)	(190, 3.0)	(200, 12.0)	(210, 1.0)	(220, 2.0)	(230, 5.0)	(240, 1.0)	(250, 1.0)	(260, 2.0)	(270, 0.0)	(280, 1.0)	(290, 2053.0)	(300, 145797.0)
SRR32802216_1	(30, 9.0)	(40, 0.0)	(50, 0.0)	(60, 1.0)	(70, 0.0)	(80, 0.0)	(90, 0.0)	(100, 0.0)	(110, 0.0)	(120, 0.0)	(130, 2.0)	(140, 2.0)	(150, 2.0)	(160, 4.0)	(170, 3.0)	(180, 48.0)	(190, 13.0)	(200, 35.0)	(210, 6.0)	(220, 19.0)	(230, 4.0)	(240, 2.0)	(250, 4.0)	(260, 2.0)	(270, 5.0)	(280, 8.0)	(290, 16262.0)	(300, 170838.0)
SRR32802216_2	(30, 8.0)	(40, 0.0)	(50, 0.0)	(60, 1.0)	(70, 0.0)	(80, 0.0)	(90, 0.0)	(100, 0.0)	(110, 0.0)	(120, 0.0)	(130, 2.0)	(140, 3.0)	(150, 0.0)	(160, 5.0)	(170, 1.0)	(180, 32.0)	(190, 10.0)	(200, 28.0)	(210, 4.0)	(220, 10.0)	(230, 2.0)	(240, 2.0)	(250, 1.0)	(260, 1.0)	(270, 2.0)	(280, 0.0)	(290, 2547.0)	(300, 184610.0)
SRR32802217_1	(30, 6.0)	(40, 1.0)	(50, 0.0)	(60, 0.0)	(70, 2.0)	(80, 1.0)	(90, 0.0)	(100, 0.0)	(110, 0.0)	(120, 0.0)	(130, 3.0)	(140, 2.0)	(150, 0.0)	(160, 6.0)	(170, 0.0)	(180, 6.0)	(190, 2.0)	(200, 9.0)	(210, 2.0)	(220, 14.0)	(230, 4.0)	(240, 2.0)	(250, 3.0)	(260, 3.0)	(270, 8.0)	(280, 7.0)	(290, 7608.0)	(300, 122841.0)
SRR32802217_2	(30, 6.0)	(40, 1.0)	(50, 0.0)	(60, 0.0)	(70, 2.0)	(80, 2.0)	(90, 0.0)	(100, 0.0)	(110, 0.0)	(120, 0.0)	(130, 1.0)	(140, 0.0)	(150, 0.0)	(160, 7.0)	(170, 0.0)	(180, 5.0)	(190, 0.0)	(200, 6.0)	(210, 2.0)	(220, 3.0)	(230, 1.0)	(240, 0.0)	(250, 1.0)	(260, 2.0)	(270, 2.0)	(280, 1.0)	(290, 1631.0)	(300, 128857.0)
SRR32802218_1	(30, 9.0)	(40, 0.0)	(50, 0.0)	(60, 0.0)	(70, 1.0)	(80, 0.0)	(90, 2.0)	(100, 0.0)	(110, 2.0)	(120, 3.0)	(130, 0.0)	(140, 10.0)	(150, 1.0)	(160, 51.0)	(170, 4.0)	(180, 32.0)	(190, 6.0)	(200, 31.0)	(210, 4.0)	(220, 55.0)	(230, 10.0)	(240, 5.0)	(250, 5.0)	(260, 15.0)	(270, 14.0)	(280, 4.0)	(290, 8185.0)	(300, 163190.0)
SRR32802218_2	(30, 12.0)	(40, 0.0)	(50, 0.0)	(60, 0.0)	(70, 1.0)	(80, 0.0)	(90, 2.0)	(100, 0.0)	(110, 2.0)	(120, 1.0)	(130, 0.0)	(140, 7.0)	(150, 1.0)	(160, 44.0)	(170, 4.0)	(180, 27.0)	(190, 5.0)	(200, 21.0)	(210, 3.0)	(220, 27.0)	(230, 6.0)	(240, 1.0)	(250, 2.0)	(260, 5.0)	(270, 1.0)	(280, 1.0)	(290, 2587.0)	(300, 168879.0)
SRR32802219_1	(301, 97921.0)																											
SRR32802219_2	(301, 97921.0)																											
SRR32802220_1	(301, 226722.0)																											
SRR32802220_2	(301, 226722.0)																											
SRR32802221_1	(301, 109826.0)																											
SRR32802221_2	(301, 109826.0)																											
SRR32802222_1	(301, 141892.0)																											
SRR32802222_2	(301, 141892.0)																											
SRR32802223_1	(301, 127968.0)																											
SRR32802223_2	(301, 127968.0)																											
SRR32802224_1	(301, 177018.0)																											
SRR32802224_2	(301, 177018.0)																											
SRR32802225_1	(301, 132779.0)																											
SRR32802225_2	(301, 132779.0)																											
SRR32802226_1	(301, 163285.0)																											
SRR32802226_2	(301, 163285.0)																											
SRR32802227_1	(301, 97169.0)																											
SRR32802227_2	(301, 97169.0)																											
SRR32802228_1	(301, 125689.0)																											
SRR32802228_2	(301, 125689.0)																											
SRR32802229_1	(301, 172862.0)																											
SRR32802229_2	(301, 172862.0)																											
SRR32802230_1	(301, 164707.0)																											
SRR32802230_2	(301, 164707.0)																											
SRR32802231_1	(301, 212013.0)																											
SRR32802231_2	(301, 212013.0)																											
SRR32802232_1	(301, 123339.0)																											
SRR32802232_2	(301, 123339.0)																											
SRR32802233_1	(301, 185076.0)																											
SRR32802233_2	(301, 185076.0)																											
SRR32802234_1	(301, 140843.0)																											
SRR32802234_2	(301, 140843.0)																											
SRR32802235_1	(301, 116644.0)																											
SRR32802235_2	(301, 116644.0)																											
SRR32802236_1	(30, 8.0)	(40, 0.0)	(50, 0.0)	(60, 0.0)	(70, 2.0)	(80, 0.0)	(90, 0.0)	(100, 0.0)	(110, 2.0)	(120, 1.0)	(130, 2.0)	(140, 13.0)	(150, 1.0)	(160, 18.0)	(170, 2.0)	(180, 15.0)	(190, 3.0)	(200, 3.0)	(210, 2.0)	(220, 48.0)	(230, 8.0)	(240, 4.0)	(250, 3.0)	(260, 4.0)	(270, 6.0)	(280, 11.0)	(290, 13871.0)	(300, 160702.0)
SRR32802236_2	(30, 7.0)	(40, 0.0)	(50, 0.0)	(60, 0.0)	(70, 2.0)	(80, 0.0)	(90, 0.0)	(100, 0.0)	(110, 2.0)	(120, 1.0)	(130, 2.0)	(140, 8.0)	(150, 1.0)	(160, 15.0)	(170, 2.0)	(180, 14.0)	(190, 1.0)	(200, 1.0)	(210, 2.0)	(220, 19.0)	(230, 2.0)	(240, 1.0)	(250, 3.0)	(260, 2.0)	(270, 1.0)	(280, 5.0)	(290, 2804.0)	(300, 171834.0)
SRR32802237_1	(301, 179264.0)																											
SRR32802237_2	(301, 179264.0)																											
SRR32802238_1	(301, 194755.0)																											
SRR32802238_2	(301, 194755.0)																											
SRR32802239_1	(301, 190944.0)																											
SRR32802239_2	(301, 190944.0)																											
SRR32802240_1	(301, 176016.0)																											
SRR32802240_2	(301, 176016.0)																											
SRR32802241_1	(301, 216804.0)																											
SRR32802241_2	(301, 216804.0)																											
SRR32802242_1	(301, 207057.0)																											
SRR32802242_2	(301, 207057.0)																											
SRR32802243_1	(301, 187889.0)																											
SRR32802243_2	(301, 187889.0)																											
SRR32802244_1	(301, 186894.0)																											
SRR32802244_2	(301, 186894.0)																											
SRR32802245_1	(301, 238187.0)																											
SRR32802245_2	(301, 238187.0)																											
SRR32802246_1	(301, 236519.0)																											
SRR32802246_2	(301, 236519.0)																											
