Sample	fastqc-percent_duplicates	fastqc-percent_gc	fastqc-avg_sequence_length	fastqc-median_sequence_length	fastqc-percent_fails	fastqc-total_sequences
SRR32802187_1	91.47345622471568	54.0	300.30118406991835	301	36.36363636363637	0.209616
SRR32802187_2	81.61447599419891	54.0	300.7235659491642	301	27.27272727272727	0.209616
SRR32802188_1	91.21629374641422	53.0	301.0	301	27.27272727272727	0.13943999999999998
SRR32802188_2	82.23752151462995	53.0	301.0	301	27.27272727272727	0.13943999999999998
SRR32802189_1	91.02355911884985	53.0	301.0	301	36.36363636363637	0.117619
SRR32802189_2	83.68970999583401	53.0	301.0	301	27.27272727272727	0.117619
SRR32802190_1	90.2250460262897	53.0	301.0	301	36.36363636363637	0.15534599999999998
SRR32802190_2	82.54670220024977	53.0	301.0	301	27.27272727272727	0.15534599999999998
SRR32802191_1	90.47590034451818	53.0	300.51849154213426	301	36.36363636363637	0.18054199999999998
SRR32802191_2	82.81951014168448	52.0	300.81231237052873	301	36.36363636363637	0.18054199999999998
SRR32802192_1	92.00435686896864	54.0	300.6910935543968	301	27.27272727272727	0.202898
SRR32802192_2	84.85889461699968	54.0	300.8033001803862	301	27.27272727272727	0.202898
SRR32802193_1	90.3208805687464	53.0	300.42481677692075	301	27.27272727272727	0.18215499999999998
SRR32802193_2	76.71927753836019	53.0	300.8147923471769	301	18.181818181818183	0.18215499999999998
SRR32802194_1	90.135305528613	53.0	300.39812075654703	301	36.36363636363637	0.2062
SRR32802194_2	82.64306498545102	53.0	300.80080019398645	301	36.36363636363637	0.2062
SRR32802195_1	92.36753742974963	54.0	300.8407420932159	301	36.36363636363637	0.224554
SRR32802195_2	85.63508109407982	53.0	300.83386624152763	301	36.36363636363637	0.224554
SRR32802196_1	89.61757341224676	53.0	300.379956749374	301	36.36363636363637	0.17572
SRR32802196_2	82.83291600273162	53.0	300.81353289323926	301	27.27272727272727	0.17572
SRR32802197_1	92.28541798542742	53.0	300.79546189174266	301	36.36363636363637	0.148498
SRR32802197_2	85.19508680251586	53.0	300.84989696830934	301	36.36363636363637	0.148498
SRR32802198_1	90.66416102565125	53.0	300.5378488041712	301	36.36363636363637	0.200614
SRR32802198_2	81.46340733946784	53.0	300.79268645259054	301	27.27272727272727	0.200614
SRR32802199_1	90.26255502650255	53.0	300.3651233042853	301	27.27272727272727	0.178096
SRR32802199_2	81.14500044919595	53.0	300.81330013026684	301	27.27272727272727	0.178096
SRR32802200_1	90.02501546360715	53.0	300.5249716728612	301	27.27272727272727	0.182687
SRR32802200_2	80.98988981153558	53.0	300.87120867932583	301	36.36363636363637	0.182687
SRR32802201_1	89.04066638099518	53.0	301.0	301	27.27272727272727	0.095681
SRR32802201_2	81.47072041471138	53.0	301.0	301	27.27272727272727	0.095681
SRR32802202_1	89.52617434576908	55.0	301.0	301	27.27272727272727	0.09786299999999999
SRR32802202_2	84.10533092179884	54.0	301.0	301	36.36363636363637	0.09786299999999999
SRR32802203_1	90.45057404866778	54.0	301.0	301	27.27272727272727	0.110792
SRR32802203_2	83.94468914723085	54.0	301.0	301	27.27272727272727	0.110792
SRR32802204_1	91.23788388107438	53.0	301.0	301	36.36363636363637	0.15320499999999998
SRR32802204_2	85.15322606964524	53.0	301.0	301	36.36363636363637	0.15320499999999998
SRR32802205_1	91.3037997024785	55.0	301.0	301	27.27272727272727	0.11898299999999999
SRR32802205_2	84.32128959599271	54.0	301.0	301	27.27272727272727	0.11898299999999999
SRR32802206_1	90.06965241662496	53.0	301.0	301	36.36363636363637	0.11787099999999999
SRR32802206_2	83.43528094272553	52.0	301.0	301	36.36363636363637	0.11787099999999999
SRR32802207_1	89.88350518599628	53.0	301.0	301	27.27272727272727	0.13150799999999999
SRR32802207_2	80.57836785594793	53.0	301.0	301	27.27272727272727	0.13150799999999999
SRR32802208_1	90.47254496482637	53.0	301.0	301	27.27272727272727	0.214223
SRR32802208_2	86.09766458316801	53.0	301.0	301	27.27272727272727	0.214223
SRR32802209_1	91.47733616166127	54.0	301.0	301	36.36363636363637	0.214968
SRR32802209_2	88.09869375907112	53.0	301.0	301	36.36363636363637	0.214968
SRR32802210_1	90.85933004778225	54.0	301.0	301	36.36363636363637	0.199865
SRR32802210_2	84.1102744352438	54.0	301.0	301	27.27272727272727	0.199865
SRR32802211_1	90.89782514406097	53.0	301.0	301	36.36363636363637	0.16139
SRR32802211_2	84.9959724890018	54.0	301.0	301	36.36363636363637	0.16139
SRR32802212_1	88.83055669407142	53.0	301.0	301	36.36363636363637	0.165908
SRR32802212_2	83.37331533138848	53.0	301.0	301	27.27272727272727	0.165908
SRR32802213_1	90.39439079129909	53.0	300.4553009486162	301	36.36363636363637	0.186693
SRR32802213_2	80.94625936698216	53.0	300.8731661069242	301	36.36363636363637	0.186693
SRR32802214_1	90.12904822751022	53.0	300.4173763538691	301	27.27272727272727	0.149479
SRR32802214_2	82.82635018965874	53.0	300.8833481626182	301	27.27272727272727	0.149479
SRR32802215_1	90.19525651080401	53.0	300.4989047245585	301	36.36363636363637	0.14790799999999998
SRR32802215_2	81.74743759634367	53.0	300.8592942910458	301	27.27272727272727	0.14790799999999998
SRR32802216_1	90.81321521447757	53.0	300.34088663900593	301	27.27272727272727	0.187269
SRR32802216_2	82.52834158349754	53.0	300.8423471049667	301	27.27272727272727	0.187269
SRR32802217_1	89.76403891825635	53.0	300.558810235195	301	27.27272727272727	0.13053
SRR32802217_2	81.35524400520953	53.0	300.87524323910213	301	27.27272727272727	0.13053
SRR32802218_1	90.95776600889076	54.0	300.5315837309702	301	36.36363636363637	0.17163899999999999
SRR32802218_2	83.04406341216158	53.0	300.78000337918536	301	27.27272727272727	0.17163899999999999
SRR32802219_1	90.16145668447014	54.0	301.0	301	36.36363636363637	0.097921
SRR32802219_2	81.21853330746214	53.0	301.0	301	36.36363636363637	0.097921
SRR32802220_1	91.50016319545523	53.0	301.0	301	27.27272727272727	0.22672199999999998
SRR32802220_2	85.05041416360123	53.0	301.0	301	36.36363636363637	0.22672199999999998
SRR32802221_1	90.76357146759419	55.0	301.0	301	36.36363636363637	0.109826
SRR32802221_2	82.86926592974342	55.0	301.0	301	36.36363636363637	0.109826
SRR32802222_1	90.16435035097116	54.0	301.0	301	27.27272727272727	0.141892
SRR32802222_2	83.71437431285767	53.0	301.0	301	27.27272727272727	0.141892
SRR32802223_1	89.545823955989	53.0	301.0	301	36.36363636363637	0.127968
SRR32802223_2	83.81392223055764	53.0	301.0	301	27.27272727272727	0.127968
SRR32802224_1	90.42696222982974	52.0	301.0	301	27.27272727272727	0.17701799999999998
SRR32802224_2	85.17438904518184	52.0	301.0	301	36.36363636363637	0.17701799999999998
SRR32802225_1	91.38945164521498	54.0	301.0	301	27.27272727272727	0.13277899999999998
SRR32802225_2	84.3597255590116	53.0	301.0	301	36.36363636363637	0.13277899999999998
SRR32802226_1	90.05419971215971	53.0	301.0	301	27.27272727272727	0.16328499999999999
SRR32802226_2	84.0254769268457	53.0	301.0	301	27.27272727272727	0.16328499999999999
SRR32802227_1	90.15323817266824	54.0	301.0	301	27.27272727272727	0.09716899999999999
SRR32802227_2	82.90915827064187	53.0	301.0	301	27.27272727272727	0.09716899999999999
SRR32802228_1	89.1685032103048	54.0	301.0	301	27.27272727272727	0.125689
SRR32802228_2	85.92319136917311	53.0	301.0	301	36.36363636363637	0.125689
SRR32802229_1	91.05008619592508	53.0	301.0	301	36.36363636363637	0.172862
SRR32802229_2	85.74411958672235	52.0	301.0	301	27.27272727272727	0.172862
SRR32802230_1	90.92691871019447	53.0	301.0	301	36.36363636363637	0.164707
SRR32802230_2	86.0078806608098	53.0	301.0	301	36.36363636363637	0.164707
SRR32802231_1	90.99960851457222	53.0	301.0	301	36.36363636363637	0.21201299999999998
SRR32802231_2	86.27018154547127	54.0	301.0	301	27.27272727272727	0.21201299999999998
SRR32802232_1	92.0341497823073	55.0	301.0	301	36.36363636363637	0.12333899999999999
SRR32802232_2	86.29549453133234	55.0	301.0	301	36.36363636363637	0.12333899999999999
SRR32802233_1	91.66126348094836	53.0	301.0	301	36.36363636363637	0.185076
SRR32802233_2	86.8686377488167	53.0	301.0	301	36.36363636363637	0.185076
SRR32802234_1	88.93235730565239	53.0	301.0	301	36.36363636363637	0.140843
SRR32802234_2	85.62370866851742	53.0	301.0	301	36.36363636363637	0.140843
SRR32802235_1	93.03693288981859	52.0	301.0	301	36.36363636363637	0.116644
SRR32802235_2	84.27523061623401	51.0	301.0	301	36.36363636363637	0.116644
SRR32802236_1	90.00280434272501	54.0	300.3927424754906	301	36.36363636363637	0.174729
SRR32802236_2	81.20632522363202	53.0	300.8334706888954	301	27.27272727272727	0.174729
SRR32802237_1	91.2447563370225	53.0	301.0	301	36.36363636363637	0.17926399999999998
SRR32802237_2	87.56749821492325	53.0	301.0	301	36.36363636363637	0.17926399999999998
SRR32802238_1	90.50139919385896	53.0	301.0	301	27.27272727272727	0.19475499999999998
SRR32802238_2	86.42602243844831	52.0	301.0	301	18.181818181818183	0.19475499999999998
SRR32802239_1	91.17332830568125	54.0	301.0	301	36.36363636363637	0.190944
SRR32802239_2	86.86683006535948	53.0	301.0	301	36.36363636363637	0.190944
SRR32802240_1	91.2462503408781	54.0	301.0	301	36.36363636363637	0.176016
SRR32802240_2	87.48750113626033	53.0	301.0	301	36.36363636363637	0.176016
SRR32802241_1	90.66391763989594	54.0	301.0	301	36.36363636363637	0.216804
SRR32802241_2	85.44768546705781	54.0	301.0	301	36.36363636363637	0.216804
SRR32802242_1	90.37946072820527	54.0	301.0	301	36.36363636363637	0.207057
SRR32802242_2	83.8996025249086	54.0	301.0	301	36.36363636363637	0.207057
SRR32802243_1	91.61206882787178	54.0	301.0	301	36.36363636363637	0.187889
SRR32802243_2	84.82295397814667	54.0	301.0	301	36.36363636363637	0.187889
SRR32802244_1	91.13668710606012	53.0	301.0	301	36.36363636363637	0.186894
SRR32802244_2	85.47732939527219	54.0	301.0	301	36.36363636363637	0.186894
SRR32802245_1	91.92105362593256	53.0	301.0	301	36.36363636363637	0.23818699999999998
SRR32802245_2	87.31081041366657	53.0	301.0	301	36.36363636363637	0.23818699999999998
SRR32802246_1	93.0631365767655	54.0	301.0	301	36.36363636363637	0.23651899999999998
SRR32802246_2	88.90448547473987	53.0	301.0	301	36.36363636363637	0.23651899999999998
